   1.7000000e+01
   1.7000000e+01
   1.6050000e+01
   1.6570000e+01
   1.6600000e+01
   1.6880000e+01
   1.6100000e+01
   1.6100000e+01
   1.6800000e+01
   1.6600000e+01
   1.6104000e+01
   1.6099000e+01
   1.6394000e+01
   1.6660000e+01
   1.6660000e+01
   1.6600000e+01
   1.6200000e+01
   1.6600000e+01
   1.6900000e+01
   1.6930000e+01
   1.6130000e+01
   1.6550000e+01
   1.6310000e+01
   1.6550000e+01
   1.6880000e+01
   1.6830000e+01
   1.6200000e+01
   1.6200000e+01
   1.6500000e+01
   1.6333000e+01
   1.6333000e+01
   1.6167000e+01
   1.6970000e+01
   1.6100000e+01
   1.6160000e+01
   1.6760000e+01
   1.7000000e+01
   1.7000000e+01
   1.7000000e+01
   1.7000000e+01
   1.7000000e+01
   1.7000000e+01
   1.7000000e+01
   1.7000000e+01
   1.7000000e+01
   1.7000000e+01
   1.6500000e+01
   1.6583000e+01
   1.6833000e+01
   1.6333000e+01
   1.6167000e+01
   1.6917000e+01
   1.6750000e+01
   1.6833000e+01
   1.6333000e+01
   1.6833000e+01
   1.7000000e+01
   1.6917000e+01
   1.6833000e+01
   1.6083000e+01
   1.6167000e+01
   1.6500000e+01
   1.6917000e+01
   1.6417000e+01
   1.6333000e+01
   1.6250000e+01
   1.7000000e+01
   1.6917000e+01
   1.6500000e+01
   1.6917000e+01
   1.6667000e+01
   1.6417000e+01
   1.6167000e+01
   1.6583000e+01
   1.6667000e+01
   1.6500000e+01
   1.6417000e+01
   1.6417000e+01
   1.6333000e+01
   1.6833000e+01
   1.6750000e+01
   1.6167000e+01
   1.6917000e+01
   1.6833000e+01
   1.6333000e+01
   1.6583000e+01
   1.6250000e+01
   1.7000000e+01
   1.7000000e+01
   1.7000000e+01
   1.7000000e+01
   1.7000000e+01
   1.7000000e+01
   1.7000000e+01
   1.7000000e+01
   1.7000000e+01
   1.7000000e+01
   1.7000000e+01
   1.7000000e+01
   1.7000000e+01
   1.7000000e+01
   1.7000000e+01
   1.7000000e+01
   1.7000000e+01
   1.7000000e+01
   1.7000000e+01
   1.7000000e+01
   1.7000000e+01
   1.7000000e+01
   1.7000000e+01
   1.7000000e+01
   1.7000000e+01
   1.6040000e+01
   1.6430000e+01
   1.6180000e+01
   1.6990000e+01
   1.6320000e+01
   1.6690000e+01
   1.6380000e+01
   1.6140000e+01
   1.6010000e+01
   1.6180000e+01
   1.6850000e+01
   1.6450000e+01
   1.6830000e+01
   1.6340000e+01
   1.6780000e+01
   1.6590000e+01
   1.6610000e+01
   1.6350000e+01
   1.6420000e+01
   1.6330000e+01
   1.6330000e+01
   1.6840000e+01
   1.6190000e+01
   1.6780000e+01
   1.6830000e+01
   1.6580000e+01
   1.6740000e+01
   1.6900000e+01
   1.6290000e+01
   1.6320000e+01
   1.6810000e+01
   1.6670000e+01
   1.6920000e+01
   1.6300000e+01
   1.6180000e+01
   1.6240000e+01
   1.6100000e+01
   1.6530000e+01
   1.6420000e+01
   1.6820000e+01
   1.6780000e+01
   1.7000000e+01
   1.8000000e+01
   1.8200000e+01
   1.8200000e+01
   1.7200000e+01
   1.7900000e+01
   1.7800000e+01
   1.7600000e+01
   1.8281000e+01
   1.8262000e+01
   1.7071000e+01
   1.8801000e+01
   1.8000000e+01
   1.8590000e+01
   1.7600000e+01
   1.9000000e+01
   1.8000000e+01
   1.8000000e+01
   1.7500000e+01
   1.8750000e+01
   1.8552000e+01
   1.7167000e+01
   1.9000000e+01
   1.8000000e+01
   1.8000000e+01
   1.9000000e+01
   1.8000000e+01
   1.8000000e+01
   1.8000000e+01
   1.9000000e+01
   1.9000000e+01
   1.9000000e+01
   1.9000000e+01
   1.9000000e+01
   1.9000000e+01
   1.9000000e+01
   1.9000000e+01
   1.9000000e+01
   1.9000000e+01
   1.9000000e+01
   1.9000000e+01
   1.9000000e+01
   1.9000000e+01
   1.9000000e+01
   1.9000000e+01
   1.9000000e+01
   1.9000000e+01
   1.9000000e+01
   1.9000000e+01
   1.9000000e+01
   1.9000000e+01
   1.9000000e+01
   1.9000000e+01
   1.9000000e+01
   1.9000000e+01
   1.9000000e+01
   1.9000000e+01
   1.9000000e+01
   1.9000000e+01
   1.9000000e+01
   1.9000000e+01
   1.9000000e+01
   1.9000000e+01
   1.9000000e+01
   1.9000000e+01
   1.9000000e+01
   1.9000000e+01
   1.9000000e+01
   1.9000000e+01
   1.9000000e+01
   1.9000000e+01
   1.9000000e+01
   1.9000000e+01
   1.9000000e+01
   1.9000000e+01
   1.9000000e+01
   1.9000000e+01
   1.9000000e+01
   1.9000000e+01
   1.9000000e+01
   1.9000000e+01
   1.9000000e+01
   1.9000000e+01
   1.9000000e+01
   1.9000000e+01
   1.9000000e+01
   1.9000000e+01
   1.9000000e+01
   1.9000000e+01
   1.9000000e+01
   1.9000000e+01
   1.9000000e+01
   1.9000000e+01
   1.9000000e+01
   1.9000000e+01
   1.9000000e+01
   1.9000000e+01
   1.9000000e+01
   1.9000000e+01
   1.9000000e+01
   1.9000000e+01
   1.9000000e+01
   1.9000000e+01
   1.9000000e+01
   1.9000000e+01
   1.9000000e+01
   1.9000000e+01
   1.9000000e+01
   1.9000000e+01
   1.9000000e+01
   1.9000000e+01
   1.9000000e+01
   1.9000000e+01
   1.9000000e+01
   1.9000000e+01
   1.9000000e+01
   1.9000000e+01
   1.9000000e+01
   1.9000000e+01
   1.9000000e+01
   1.9000000e+01
   1.9000000e+01
   1.9000000e+01
   1.9000000e+01
   1.9000000e+01
   1.9000000e+01
   1.9000000e+01
   1.9000000e+01
   1.9000000e+01
   1.9000000e+01
   1.9000000e+01
   1.9000000e+01
   1.9000000e+01
   1.9000000e+01
   1.9000000e+01
   1.9000000e+01
   1.9000000e+01
   1.9000000e+01
   1.9000000e+01
   1.9000000e+01
   1.9000000e+01
   1.9000000e+01
   1.9000000e+01
   1.9000000e+01
   1.9000000e+01
   1.9000000e+01
   1.9000000e+01
   1.9000000e+01
   1.9000000e+01
   1.9000000e+01
   1.9000000e+01
   1.9000000e+01
   1.9000000e+01
   1.9000000e+01
   1.9000000e+01
   1.9000000e+01
   1.9000000e+01
   1.9000000e+01
   1.9000000e+01
   1.9000000e+01
   1.9000000e+01
   1.9000000e+01
   1.9000000e+01
   1.9000000e+01
   1.9000000e+01
   1.9000000e+01
   1.9000000e+01
   1.9000000e+01
   1.9000000e+01
   1.9000000e+01
   1.9000000e+01
   1.9000000e+01
   1.9000000e+01
   1.9000000e+01
   1.9000000e+01
   1.9000000e+01
   1.9000000e+01
   1.9000000e+01
   1.9000000e+01
   1.9000000e+01
   1.9000000e+01
   1.9000000e+01
   1.9000000e+01
   1.9000000e+01
   1.9000000e+01
   1.9000000e+01
   1.9000000e+01
   1.9000000e+01
   1.9000000e+01
   1.9000000e+01
   1.9000000e+01
   1.9000000e+01
   1.9000000e+01
   1.9000000e+01
   1.9000000e+01
   1.9000000e+01
   1.9000000e+01
   1.9000000e+01
   1.9000000e+01
   1.8000000e+01
   1.8000000e+01
   1.8000000e+01
   1.9000000e+01
   1.9000000e+01
   1.9000000e+01
   1.8000000e+01
   1.9000000e+01
   1.8417000e+01
   1.8167000e+01
   1.8750000e+01
   1.7333000e+01
   1.8500000e+01
   1.7333000e+01
   1.7417000e+01
   1.8500000e+01
   1.8500000e+01
   1.8000000e+01
   1.8167000e+01
   1.8000000e+01
   1.8917000e+01
   1.7583000e+01
   1.8667000e+01
   1.7833000e+01
   1.8833000e+01
   1.7667000e+01
   1.8000000e+01
   1.7417000e+01
   1.8750000e+01
   1.9000000e+01
   1.9000000e+01
   1.8000000e+01
   1.9000000e+01
   1.9000000e+01
   1.8000000e+01
   1.9000000e+01
   1.8000000e+01
   1.8000000e+01
   1.8000000e+01
   1.9000000e+01
   1.8000000e+01
   1.9000000e+01
   1.8000000e+01
   1.8000000e+01
   1.7200000e+01
   1.8020000e+01
   1.8420000e+01
   1.7720000e+01
   1.7810000e+01
   1.8540000e+01
   1.8980000e+01
   1.8480000e+01
   1.7190000e+01
   1.7650000e+01
   1.8940000e+01
   1.8880000e+01
   1.8130000e+01
   1.8460000e+01
   1.8430000e+01
   1.7030000e+01
   1.7140000e+01
   1.8090000e+01
   1.8270000e+01
   1.7140000e+01
   1.8370000e+01
   1.9000000e+01
   1.7667000e+01
   1.9000000e+01
   1.9000000e+01
   1.9000000e+01
   1.9000000e+01
   1.9000000e+01
   1.9000000e+01
   1.8000000e+01
   1.9000000e+01
   1.9000000e+01
   1.9000000e+01
   1.8000000e+01
   1.9000000e+01
   1.8000000e+01
   1.9000000e+01
   1.9000000e+01
   1.9000000e+01
   1.8000000e+01
   1.9000000e+01
   1.8000000e+01
   1.9000000e+01
   1.9000000e+01
   1.9000000e+01
   1.9000000e+01
   1.8000000e+01
   1.8000000e+01
   1.9000000e+01
   1.9000000e+01
   1.8000000e+01
   1.9000000e+01
   1.9000000e+01
   1.9000000e+01
   1.9000000e+01
   1.9000000e+01
   1.9000000e+01
   1.9000000e+01
   1.9160000e+01
   1.9759000e+01
   1.9250000e+01
   1.9500000e+01
   2.0000000e+01
   2.0000000e+01
   2.0000000e+01
   2.0000000e+01
   2.0000000e+01
   1.9510000e+01
   2.0000000e+01
   2.0000000e+01
   2.0000000e+01
   1.9417000e+01
   1.9583000e+01
   1.9167000e+01
   1.9167000e+01
   1.9333000e+01
   1.9917000e+01
   1.9417000e+01
   1.9250000e+01
   1.9500000e+01
   1.9750000e+01
   2.0000000e+01
   2.0000000e+01
   2.0000000e+01
   2.0000000e+01
   2.0000000e+01
   1.9640000e+01
   1.9060000e+01
   1.9790000e+01
   1.9420000e+01
   1.9690000e+01
   1.9350000e+01
   1.9940000e+01
   2.0000000e+01
   2.0000000e+01
   2.0000000e+01
   1.9833000e+01
   2.0000000e+01
   2.0000000e+01
   2.0000000e+01
   1.9167000e+01
   1.9833000e+01
   2.0000000e+01
   2.0000000e+01
   2.0000000e+01
   2.0000000e+01
   2.0000000e+01
   2.0000000e+01
   2.0000000e+01
   2.0000000e+01
   2.0000000e+01
   1.9917000e+01
   1.9750000e+01
   2.0000000e+01
   2.0000000e+01
   2.0000000e+01
   1.9417000e+01
   2.0000000e+01
   2.0000000e+01
   2.0000000e+01
   1.9333000e+01
   2.0000000e+01
   2.0000000e+01
   2.0000000e+01
   2.0000000e+01
   1.9917000e+01
   1.9917000e+01
   1.9917000e+01
   1.9917000e+01
   2.0000000e+01
   1.9833000e+01
   2.0000000e+01
   2.0000000e+01
   2.0000000e+01
   2.0000000e+01
   2.0000000e+01
   2.0000000e+01
   2.0000000e+01
   2.0000000e+01
   2.0000000e+01
   2.0000000e+01
   2.0000000e+01
   2.0000000e+01
   2.0000000e+01
   2.0000000e+01
   2.0000000e+01
   2.0000000e+01
   2.0000000e+01
   2.0000000e+01
   2.0000000e+01
   2.0000000e+01
   2.0000000e+01
   2.0000000e+01
   2.0000000e+01
   2.0000000e+01
   2.0000000e+01
   2.0000000e+01
   2.0000000e+01
   2.0000000e+01
   2.0000000e+01
   2.0000000e+01
   2.0000000e+01
   1.9667000e+01
