   4.5987111e-01
   4.5167331e-01
   4.7308642e-01
   5.3513001e-01
   4.8282917e-01
   5.4589966e-01
   5.6642920e-01
   0.0000000e+00
   5.1707510e-01
   5.2389135e-01
   4.8809773e-01
   7.1417524e-01
   4.6897133e-01
   5.0849682e-01
   4.6108151e-01
   5.0181741e-01
   4.7978892e-01
   4.3819716e-01
   4.1996994e-01
   4.6633343e-01
   4.5116201e-01
   4.9089069e-01
   4.9324010e-01
   5.6292359e-01
   5.2207541e-01
   5.6708450e-01
   5.3149820e-01
   5.1368263e-01
   5.7315904e-01
   4.7617109e-01
   5.2923792e-01
   5.4080876e-01
   5.4382568e-01
   9.5621942e-01
   0.0000000e+00
   5.5439258e-01
   8.8334654e-01
   6.2267896e-01
   7.5994437e-01
   6.1591715e-01
   5.7827844e-01
   0.0000000e+00
   4.8534081e-01
   5.1594345e-01
   4.3941734e-01
   4.7576952e-01
   5.0117955e-01
   4.6699529e-01
   5.2707292e-01
   5.2753263e-01
   5.0096616e-01
   4.8762277e-01
   4.9395245e-01
   4.7722697e-01
   4.8582932e-01
   4.6709979e-01
   4.6262221e-01
   4.7303757e-01
   4.5711972e-01
   4.5323083e-01
   4.2546313e-01
   4.5306599e-01
   4.1575380e-01
   5.3630395e-01
   5.4027523e-01
   4.5392526e-01
   4.3354944e-01
   4.6621811e-01
   4.7982203e-01
   4.5842478e-01
   4.7385722e-01
   4.3435038e-01
   4.7019983e-01
   5.1023905e-01
   4.9752240e-01
   4.8978279e-01
   4.9646828e-01
   5.5637609e-01
   5.3017892e-01
   4.7024966e-01
   6.8431697e-01
   5.9712037e-01
   5.0476895e-01
   5.1296074e-01
   5.1119991e-01
   5.0238916e-01
   5.4628610e-01
   5.5066920e-01
   5.4194698e-01
   5.2237198e-01
   5.5274489e-01
   5.0941897e-01
   5.1419970e-01
   5.0481282e-01
   5.1574932e-01
   5.5488698e-01
   4.9413430e-01
   5.0796025e-01
   4.8765637e-01
   5.0010683e-01
   5.0401243e-01
   5.0438142e-01
   5.6150174e-01
   4.7679947e-01
   4.9352372e-01
   4.8093662e-01
   4.8807531e-01
   4.7860975e-01
   5.7753838e-01
   5.2469125e-01
   5.1314132e-01
   5.3302753e-01
   5.2559633e-01
   4.7787121e-01
   5.5661105e-01
   4.8376086e-01
   5.1367066e-01
   4.9670706e-01
   5.1700547e-01
   5.8266027e-01
   5.0370820e-01
   9.2060921e-01
   0.0000000e+00
   0.0000000e+00
   0.0000000e+00
   0.0000000e+00
   7.5250814e-01
   4.4327706e-01
   5.7720353e-01
   4.5473829e-01
   4.5974090e-01
   5.7567524e-01
   7.1093138e-01
   7.4395902e-01
   6.4360100e-01
   7.2836167e-01
   8.0722498e-01
   6.2414983e-01
   0.0000000e+00
   5.7641924e-01
   5.9303329e-01
   7.1246837e-01
   7.5193456e-01
   7.3666982e-01
   6.4085258e-01
   6.2282557e-01
   5.4166451e-01
   7.2887528e-01
   6.5270292e-01
   5.7204713e-01
   6.1795547e-01
   5.9821830e-01
   5.5111530e-01
   5.6595728e-01
   6.2871474e-01
   0.0000000e+00
   0.0000000e+00
   0.0000000e+00
   7.2850252e-01
   0.0000000e+00
   0.0000000e+00
   0.0000000e+00
   4.2905648e-01
   4.4658496e-01
   4.2706464e-01
   5.2470164e-01
   5.3179216e-01
   4.9529445e-01
   4.9209204e-01
   4.9210419e-01
   4.4866781e-01
   4.7395237e-01
   4.8044252e-01
   4.5401585e-01
   4.6072528e-01
   4.9008051e-01
   4.7286367e-01
   4.8476511e-01
   5.1114887e-01
   4.9083011e-01
   5.2117780e-01
   5.0960715e-01
   5.1188759e-01
   4.9335803e-01
   4.9246285e-01
   5.3221462e-01
   4.8059958e-01
   5.0415776e-01
   5.3417079e-01
   5.4006542e-01
   5.6770164e-01
   5.1691719e-01
   4.3863220e-01
   4.7271846e-01
   5.1517149e-01
   4.8642975e-01
   5.1100214e-01
   5.1033335e-01
   4.8976231e-01
   4.5140183e-01
   4.7206334e-01
   4.5274858e-01
   5.0894663e-01
   5.1171583e-01
   5.0992243e-01
   4.9150036e-01
   4.6900067e-01
   4.7340432e-01
   4.5667848e-01
   4.6184824e-01
   4.5476423e-01
   4.6898645e-01
   4.7060115e-01
   4.7926383e-01
   4.9275013e-01
   4.8843890e-01
   4.7496129e-01
   4.5848560e-01
   4.8056003e-01
   4.4523432e-01
   4.2938677e-01
   4.5998224e-01
   4.6082116e-01
   4.7655715e-01
   5.0575211e-01
   4.5217658e-01
   4.0844279e-01
   4.5459265e-01
   4.3796828e-01
   4.5234592e-01
   4.3669693e-01
   4.4836729e-01
   4.5532408e-01
   4.6505838e-01
   5.3212062e-01
   5.1273216e-01
   5.0599278e-01
   5.1970091e-01
   4.1577671e-01
   4.9583996e-01
   4.7724629e-01
   5.3929061e-01
   5.1479587e-01
   5.0095832e-01
   4.6340546e-01
   4.5312237e-01
   4.3383672e-01
   4.5255494e-01
   4.3466092e-01
   4.3374412e-01
   4.2127634e-01
   4.6699668e-01
   4.6150234e-01
   4.5760282e-01
   4.6735395e-01
   4.8219921e-01
   4.6020882e-01
   4.6353391e-01
   4.8612911e-01
   4.8052965e-01
   4.6394738e-01
   4.7738963e-01
   4.4701520e-01
   4.6569527e-01
   4.7267963e-01
   4.5034084e-01
   4.2690339e-01
   4.4558558e-01
   4.3177543e-01
   4.4714845e-01
   4.8112819e-01
   4.9520435e-01
   4.7228797e-01
   4.3137994e-01
   4.8927338e-01
   5.0382607e-01
   5.0619341e-01
   5.1678497e-01
   5.0712656e-01
   5.1137229e-01
   5.0190284e-01
   4.7836240e-01
   4.7294126e-01
   4.9281751e-01
   4.7246825e-01
   4.7327332e-01
   4.9212381e-01
   4.8098632e-01
   5.1055859e-01
   4.9857452e-01
   4.7940631e-01
   4.8000887e-01
   5.5561829e-01
   5.2427687e-01
   5.2481174e-01
   5.2413171e-01
   5.1929278e-01
   5.1003873e-01
   5.1945945e-01
   5.0166672e-01
   5.2034290e-01
   5.3373775e-01
   4.8882272e-01
   5.9275409e-01
   5.3115740e-01
   6.4339205e-01
   6.2924195e-01
   5.3720454e-01
   5.2405710e-01
   5.0590765e-01
   5.5058086e-01
   5.3316691e-01
   5.2520206e-01
   5.0405484e-01
   5.4422919e-01
   5.1987699e-01
   5.0594745e-01
   4.9234194e-01
   5.3053904e-01
   5.1010556e-01
   5.0904627e-01
   5.2089545e-01
   5.2102943e-01
   4.9449819e-01
   4.9640715e-01
   5.5144402e-01
   5.5562862e-01
   5.3850517e-01
   5.7415089e-01
   5.3836876e-01
   5.5379318e-01
   5.4670473e-01
   5.6476322e-01
   5.5116719e-01
   5.0903515e-01
   5.1086160e-01
   5.3079053e-01
   5.4838104e-01
   5.5110728e-01
   5.1500598e-01
   5.9508345e-01
   5.4490374e-01
   5.2317006e-01
   5.3123450e-01
   5.1768781e-01
   5.2740479e-01
   5.0537278e-01
   5.1110166e-01
   5.0225160e-01
   5.2015922e-01
   5.3544541e-01
   4.9313322e-01
   5.1240490e-01
   4.9576462e-01
   5.2082151e-01
   4.8645454e-01
   4.9699136e-01
   5.1337433e-01
   5.1475614e-01
   4.8261876e-01
   5.1271411e-01
   5.3568159e-01
   5.5517006e-01
   5.4152640e-01
   5.5663128e-01
   5.3101582e-01
   4.8651900e-01
   4.8978109e-01
   5.0883240e-01
   5.0522094e-01
   5.1157699e-01
   5.1634410e-01
   5.2070849e-01
   5.0483032e-01
   4.8698674e-01
   5.0278538e-01
   4.8686789e-01
   5.3689758e-01
   5.0363103e-01
   5.0142648e-01
   5.1908748e-01
   5.3701229e-01
   5.0682859e-01
   5.2049285e-01
   5.0475674e-01
   5.1331108e-01
   5.4390011e-01
   5.1677471e-01
   5.8631748e-01
   5.3212166e-01
   5.1919320e-01
   5.3378782e-01
   4.8009867e-01
   4.7890371e-01
   4.6363842e-01
   5.1299695e-01
   5.2114281e-01
   4.8483249e-01
   4.7439100e-01
   5.3505460e-01
   5.0901431e-01
   4.8121951e-01
   4.7927799e-01
   4.7932976e-01
   5.2457338e-01
   5.2216983e-01
   4.8209203e-01
   4.6457230e-01
   4.4167834e-01
   5.0741547e-01
   4.7255258e-01
   4.5450874e-01
   4.7951137e-01
   4.8081783e-01
   5.8194822e-01
   5.4773407e-01
   5.4682413e-01
   4.6694698e-01
   5.3965748e-01
   5.0575721e-01
   4.8275152e-01
   5.2331735e-01
   5.1001643e-01
   4.6233092e-01
   5.4244497e-01
   5.6104446e-01
   5.7459152e-01
   5.9307551e-01
   5.3133767e-01
   5.6490267e-01
   5.0142666e-01
   4.8138253e-01
   4.9728963e-01
   4.9434538e-01
   5.6827564e-01
   4.7628015e-01
   5.3440739e-01
   5.3232186e-01
   4.8933900e-01
   5.1908802e-01
   5.0695680e-01
   4.7405882e-01
   4.9581815e-01
   5.0517847e-01
   5.1804824e-01
   4.7511179e-01
   4.7525744e-01
   4.8603529e-01
   5.0109631e-01
   5.1250777e-01
   5.1334085e-01
   5.0683607e-01
   5.0330974e-01
   5.2901755e-01
   4.8797433e-01
   5.1456000e-01
   5.4609750e-01
   5.3887331e-01
   5.4845079e-01
   5.4801059e-01
   5.6401624e-01
   5.9803548e-01
   4.6375125e-01
   5.0617384e-01
   5.2470322e-01
   9.9315775e-01
   5.3544790e-01
   5.3456427e-01
   5.9769820e-01
   0.0000000e+00
   0.0000000e+00
   0.0000000e+00
   0.0000000e+00
   0.0000000e+00
   0.0000000e+00
   0.0000000e+00
   0.0000000e+00
   0.0000000e+00
   1.0000000e+00
   9.5535809e-01
   0.0000000e+00
   0.0000000e+00
   0.0000000e+00
   9.8694878e-01
   0.0000000e+00
   0.0000000e+00
   6.3793993e-01
   6.0755426e-01
   4.5148009e-01
   4.3633571e-01
   4.5232605e-01
   4.7174308e-01
   5.0346972e-01
   5.1784287e-01
   4.3644375e-01
   5.1257424e-01
   5.2027205e-01
   5.8420327e-01
   6.6669948e-01
   4.8938208e-01
   4.5138719e-01
   6.1405705e-01
   4.4079100e-01
   4.3629567e-01
   4.6703114e-01
   0.0000000e+00
   4.9760832e-01
   5.3740492e-01
   0.0000000e+00
   0.0000000e+00
   5.1695765e-01
   6.0767657e-01
   5.4506537e-01
   6.4702185e-01
   7.8830473e-01
   5.9054893e-01
   6.7220895e-01
   6.2668256e-01
   6.3191150e-01
   6.0423762e-01
   7.9858113e-01
   8.1116107e-01
   8.1095661e-01
   6.3083295e-01
   7.7787284e-01
   8.3993739e-01
   8.3024397e-01
   5.7562888e-01
   8.4110519e-01
   7.7319851e-01
   6.5683715e-01
   0.0000000e+00
   5.8513551e-01
   5.6076479e-01
   5.8419489e-01
   6.1656024e-01
   6.4469110e-01
   7.0682540e-01
   6.2657598e-01
   5.6342474e-01
   5.7852926e-01
   5.4652276e-01
   5.5329057e-01
   5.8019493e-01
   6.0717901e-01
   6.4156172e-01
   6.6730793e-01
   7.3587745e-01
   5.9519294e-01
   6.7343424e-01
   7.1216360e-01
   8.1101051e-01
   7.7157506e-01
   7.9497004e-01
   8.5766230e-01
   7.7741112e-01
   6.7516766e-01
   7.6207839e-01
   5.6591286e-01
   6.0443734e-01
   6.2286124e-01
   6.0473871e-01
   6.1123808e-01
   5.1483458e-01
   5.5933067e-01
   5.2637692e-01
   5.4598211e-01
   5.4801344e-01
   6.0532735e-01
   5.6904061e-01
   7.4203779e-01
   7.2777510e-01
   6.7415054e-01
   6.0105738e-01
   5.9565891e-01
   7.5714947e-01
   6.1320003e-01
   6.8797673e-01
   6.7512264e-01
   7.2371566e-01
   6.0609135e-01
   6.8162415e-01
   6.7266125e-01
   6.0763544e-01
   5.5249662e-01
   5.8224054e-01
   6.3663614e-01
   5.6612485e-01
   5.6934198e-01
   6.4822369e-01
   6.2445606e-01
   5.7653299e-01
   5.5893682e-01
   5.6047320e-01
   6.1707779e-01
   5.7696305e-01
   5.7632470e-01
   5.9384862e-01
   5.7207782e-01
   5.4810264e-01
   6.0800049e-01
   6.2367749e-01
   6.0979206e-01
   0.0000000e+00
   6.9176548e-01
   6.0895855e-01
   6.2227599e-01
   0.0000000e+00
   0.0000000e+00
   0.0000000e+00
   0.0000000e+00
   0.0000000e+00
   0.0000000e+00
   0.0000000e+00
   0.0000000e+00
   6.1568870e-01
   0.0000000e+00
   0.0000000e+00
   0.0000000e+00
   6.2876511e-01
   0.0000000e+00
   0.0000000e+00
   6.6992602e-01
   7.6001060e-01
   0.0000000e+00
   8.1623775e-01
   0.0000000e+00
   0.0000000e+00
   0.0000000e+00
   7.6438283e-01
   8.5700986e-01
   6.5392334e-01
   0.0000000e+00
   0.0000000e+00
   0.0000000e+00
   0.0000000e+00
   0.0000000e+00
   0.0000000e+00
   0.0000000e+00
   0.0000000e+00
   8.0941702e-01
   8.4408535e-01
   4.2618612e-01
   4.1816245e-01
   4.4948425e-01
   4.5189861e-01
   4.6734806e-01
   4.3320955e-01
   4.2065209e-01
   4.3458747e-01
   4.2461273e-01
   4.8986603e-01
   4.9115597e-01
   4.8468916e-01
   5.2384687e-01
   5.1700742e-01
   5.2823010e-01
   5.0110749e-01
   5.1161824e-01
   5.0992565e-01
   4.7400213e-01
   4.5584114e-01
   4.8881276e-01
   5.1465400e-01
   5.3019052e-01
   4.6012533e-01
   4.4320142e-01
   5.3285333e-01
   4.9255108e-01
   4.5965809e-01
   4.6221341e-01
   4.5319486e-01
   4.5872105e-01
   4.5957746e-01
   4.6342497e-01
   4.8352432e-01
   4.8155169e-01
   4.7514072e-01
   4.5984013e-01
   4.7197822e-01
   4.5523974e-01
   4.6743695e-01
   4.6715867e-01
   4.6984433e-01
   4.6791854e-01
   4.8721015e-01
   4.7333426e-01
   4.7966448e-01
   4.9655273e-01
   4.8416534e-01
   4.8396842e-01
   4.8404072e-01
   4.7963271e-01
   4.7910938e-01
   4.8532568e-01
   4.9374823e-01
   4.8186023e-01
   5.0443489e-01
   4.9217467e-01
   4.9770073e-01
   5.1079604e-01
   4.9366517e-01
   5.0185417e-01
   4.6685754e-01
   5.1601964e-01
   5.3677831e-01
   5.4252985e-01
   5.2598763e-01
   5.4077929e-01
   5.2789811e-01
   5.1063569e-01
   5.0397664e-01
   4.8389520e-01
   4.7351040e-01
   5.2083117e-01
   5.2463991e-01
   5.1054990e-01
   4.9980504e-01
   4.7340407e-01
   4.8907913e-01
   5.1980450e-01
   4.7764500e-01
   4.8340104e-01
   4.9523321e-01
   4.7832813e-01
   4.7163596e-01
   5.3279609e-01
   5.2306015e-01
   4.8881926e-01
   5.0262448e-01
   4.8808443e-01
   5.1225793e-01
   5.3027862e-01
   5.0294688e-01
   5.0003550e-01
   5.1569719e-01
   5.1618910e-01
   5.3864157e-01
   5.3726870e-01
   5.1813142e-01
   5.2814977e-01
   5.3670266e-01
   5.5135263e-01
   5.3146393e-01
   5.1068588e-01
   5.5033101e-01
   5.5518641e-01
   5.4333443e-01
   5.4896501e-01
   5.2320755e-01
   4.3788048e-01
   4.3517945e-01
   4.5683506e-01
   4.7937290e-01
   4.5116007e-01
   4.4405376e-01
   4.7875126e-01
   5.0765061e-01
   5.1659674e-01
   5.0297622e-01
   5.3542688e-01
   4.9322466e-01
   5.2467953e-01
   5.2288899e-01
   4.8994046e-01
   5.2190322e-01
   4.9402724e-01
   4.9567797e-01
   4.9681716e-01
   5.0716514e-01
   5.2342125e-01
   5.1483020e-01
   4.9253899e-01
   5.2774195e-01
   5.3164809e-01
   4.7942108e-01
   4.6253410e-01
   4.5329718e-01
   4.6959636e-01
   4.6159384e-01
   4.7334046e-01
   4.5625249e-01
   4.5336189e-01
   4.6928193e-01
   4.5587438e-01
   4.9532878e-01
   5.1449809e-01
   5.0151513e-01
   5.2570357e-01
   5.3105939e-01
   5.2170484e-01
   5.0901498e-01
   4.9754829e-01
   4.9594118e-01
   5.0121315e-01
   4.9244876e-01
   5.0426191e-01
   5.0145856e-01
   4.8340615e-01
   4.8306601e-01
   4.8630616e-01
   4.7657696e-01
   4.7539014e-01
   4.6882550e-01
   4.6747602e-01
   4.6681447e-01
   4.5655823e-01
   4.5589747e-01
   4.6316236e-01
   4.6019290e-01
   4.5873259e-01
   4.6159524e-01
   4.6530713e-01
   4.6293342e-01
   4.5915433e-01
   4.6452187e-01
   4.5466058e-01
   4.5782873e-01
   4.6398852e-01
   4.6302754e-01
   4.5562532e-01
   4.5918246e-01
   4.6926510e-01
   4.6517704e-01
   4.6487507e-01
   4.7306843e-01
   4.6698824e-01
   4.7681684e-01
   4.6903889e-01
   4.7194401e-01
   4.7295390e-01
   4.8152824e-01
   4.8014133e-01
   4.8130336e-01
   4.7315210e-01
   4.9147204e-01
   4.8891787e-01
   4.9254403e-01
   4.8447947e-01
   4.9025301e-01
   4.8002716e-01
   4.7516350e-01
   4.8053201e-01
   4.8288713e-01
   4.7723827e-01
   4.6508414e-01
   4.6042531e-01
   4.6566300e-01
   4.6042549e-01
   4.7091941e-01
   4.8129218e-01
   4.5392514e-01
   4.6823497e-01
   4.7213012e-01
   4.6944282e-01
   4.3921252e-01
   4.5823606e-01
   4.4529132e-01
   4.5249320e-01
   4.6566507e-01
   4.1903417e-01
   4.3486848e-01
   4.3303651e-01
   4.6302650e-01
   4.7047805e-01
   4.5147061e-01
   4.5572467e-01
   4.8954643e-01
   4.5562569e-01
   4.4918719e-01
   4.5784592e-01
   5.0637083e-01
   4.8045041e-01
   4.9738381e-01
   5.1276345e-01
   5.4189023e-01
   4.6501348e-01
   4.5278497e-01
   4.5961799e-01
   4.3274103e-01
   4.1738168e-01
   4.2775458e-01
   4.1600510e-01
   4.1054029e-01
   4.1929575e-01
   4.2492334e-01
   4.3706089e-01
   4.1957360e-01
   4.4941237e-01
   4.5024709e-01
   4.4953923e-01
   4.4747042e-01
   4.5092007e-01
   4.5032644e-01
   4.2542741e-01
   4.2805564e-01
   4.1768117e-01
   4.4138931e-01
   4.5697231e-01
   4.5627655e-01
   4.3706411e-01
   4.5956118e-01
   4.6399514e-01
   4.5894009e-01
   4.4372948e-01
   4.3488349e-01
   5.4783511e-01
   5.0052255e-01
   4.8039117e-01
   5.0215007e-01
   5.6776689e-01
   6.0299258e-01
   5.5314147e-01
   5.0040085e-01
   4.8074006e-01
   4.7421407e-01
   4.7721816e-01
   4.4724852e-01
   5.7747118e-01
   5.5443268e-01
   5.0942657e-01
   4.9746735e-01
   4.4785497e-01
   4.9177997e-01
   4.5928642e-01
   4.7940753e-01
   4.5014544e-01
   4.0000000e-01
   4.5922274e-01
   5.2616183e-01
   4.8152672e-01
   4.6097075e-01
   4.7433425e-01
   4.5332136e-01
   5.1221175e-01
   4.3439559e-01
   4.2879066e-01
   4.9187409e-01
   5.2779621e-01
   5.5372908e-01
   5.0653397e-01
   4.8862477e-01
   5.4043448e-01
   5.4582171e-01
   5.4089528e-01
   4.9587696e-01
   5.1482959e-01
   5.0822571e-01
   4.9883986e-01
   5.2236578e-01
   4.8728823e-01
   4.6501980e-01
   4.6800238e-01
   4.6361697e-01
   4.5097445e-01
   4.4901658e-01
   4.4853736e-01
   4.2414974e-01
   4.2684330e-01
   4.4127046e-01
   4.6238166e-01
   4.5860882e-01
   4.4726675e-01
   4.3670623e-01
   4.4364673e-01
   4.3333891e-01
   4.4947112e-01
   4.4158076e-01
   4.5515364e-01
   4.4004068e-01
   4.2873749e-01
   4.2693231e-01
   4.2384643e-01
   4.1667523e-01
   4.1779066e-01
   4.2517829e-01
   4.6996536e-01
   4.6559033e-01
   4.6282952e-01
   4.6613000e-01
   4.6258709e-01
   4.6554580e-01
   4.6123858e-01
   4.5666402e-01
   4.5308926e-01
   4.6767744e-01
   4.6375836e-01
   4.6303464e-01
   4.6983272e-01
   4.7826293e-01
   4.6917730e-01
   4.6655526e-01
   4.7969614e-01
   4.6570954e-01
   4.5648216e-01
   4.6388273e-01
   4.5681039e-01
   4.5563984e-01
   4.6978922e-01
   4.8107241e-01
   4.7485539e-01
   4.8377223e-01
   4.8093267e-01
   4.8335158e-01
   4.7323978e-01
   4.7866468e-01
   4.5697608e-01
   4.6362566e-01
   4.4091769e-01
   4.4774183e-01
   4.7261073e-01
   4.6870362e-01
   4.7453518e-01
   4.5325593e-01
   4.4333193e-01
   4.5692516e-01
   4.5151509e-01
   4.4902022e-01
   4.6199729e-01
   4.6266304e-01
   4.5284798e-01
   4.5748537e-01
   4.6786027e-01
   4.7017808e-01
   4.7646541e-01
   4.7219762e-01
   4.7735609e-01
   4.6418422e-01
   4.6419115e-01
   4.7487398e-01
   4.6917967e-01
   4.4302533e-01
   4.2873020e-01
   4.6077875e-01
   4.7594153e-01
   4.3422892e-01
   4.4452118e-01
   4.2912496e-01
   4.2673059e-01
   4.2571328e-01
   4.3370997e-01
   4.2296833e-01
   4.5669391e-01
   4.3219145e-01
   4.3034119e-01
   4.3127222e-01
   4.4217700e-01
   4.4091052e-01
   4.4451687e-01
   4.4843614e-01
   4.7729211e-01
   4.6682801e-01
   4.6518944e-01
   4.7238926e-01
   4.7066714e-01
   4.7496542e-01
   4.6914893e-01
   4.9494302e-01
   4.9217048e-01
   4.9140897e-01
   4.8695721e-01
   4.7165643e-01
   4.6323612e-01
   4.3850533e-01
   4.7911151e-01
   4.5694691e-01
   4.5111650e-01
   4.2310929e-01
   4.6567509e-01
   4.4759528e-01
   4.6179210e-01
   4.8728543e-01
   4.9455889e-01
   4.9626655e-01
   4.9560834e-01
   4.9259197e-01
   5.0818281e-01
   5.1054516e-01
   5.0644544e-01
   5.0114170e-01
   4.9771598e-01
   5.2057555e-01
   5.0595948e-01
   5.1201367e-01
   5.1837980e-01
   5.1855406e-01
   5.1175477e-01
   5.0405368e-01
   5.0507433e-01
   5.1656028e-01
   5.1140838e-01
   4.9094726e-01
   4.8487368e-01
   5.0347512e-01
   5.0156301e-01
   4.8486846e-01
   4.8729278e-01
   4.8007765e-01
   5.0183284e-01
   4.8011228e-01
   4.6124739e-01
   4.8251231e-01
   4.9530892e-01
   4.8575398e-01
   4.9163488e-01
   4.8566533e-01
   4.6960250e-01
   4.9621849e-01
   4.9266883e-01
   4.8452784e-01
   4.7278359e-01
   4.8221160e-01
   4.6330357e-01
   4.7083198e-01
   4.7780328e-01
   4.8150357e-01
   4.9394017e-01
   4.7597064e-01
   4.7914037e-01
   4.8989167e-01
   4.7673178e-01
   4.8595151e-01
   4.8290877e-01
   4.7249656e-01
   4.7250981e-01
   5.0287712e-01
   4.9478978e-01
   5.0323312e-01
   5.0437012e-01
   5.0795162e-01
   5.0397718e-01
   4.9701767e-01
   4.8108803e-01
   4.7180463e-01
   4.8881999e-01
   4.8868230e-01
   4.8697805e-01
   4.7163377e-01
   4.8650971e-01
   4.7769489e-01
   4.7147452e-01
   4.7192335e-01
   5.4577128e-01
   5.3133475e-01
   5.6004466e-01
   5.4671846e-01
   5.4115582e-01
   5.2419952e-01
   5.0980000e-01
   5.4416302e-01
   5.2986886e-01
   5.4686538e-01
   5.0474100e-01
   5.1111345e-01
   5.1636057e-01
   5.1186700e-01
   5.3599936e-01
   5.2185570e-01
   5.0831235e-01
   5.0356043e-01
   5.2639442e-01
   5.1580971e-01
   5.2119202e-01
   5.0799275e-01
   5.2446425e-01
   5.1754842e-01
   5.1216824e-01
   4.9718020e-01
   4.9594471e-01
   4.9379077e-01
   5.0594338e-01
   4.8845956e-01
   4.7455371e-01
   4.8539634e-01
   5.2468074e-01
   5.8174644e-01
   5.7654617e-01
   4.7669520e-01
   4.7764847e-01
   4.6287442e-01
   5.0374034e-01
   5.3982263e-01
   5.0957397e-01
   5.5919937e-01
   6.5123465e-01
   6.2371929e-01
   5.8845289e-01
   6.1971271e-01
   5.2019865e-01
   5.9885264e-01
   6.7464209e-01
   5.7860618e-01
   5.5811188e-01
   6.7505939e-01
   6.3403154e-01
   5.6504047e-01
   5.8324466e-01
   5.4693520e-01
   5.0361858e-01
   5.0236875e-01
   5.2469757e-01
   5.2078298e-01
   5.0596027e-01
   5.1162280e-01
   5.0214375e-01
   5.5220339e-01
   5.3818010e-01
   5.3663734e-01
   5.6950153e-01
   5.7507456e-01
   5.3142298e-01
   5.1867352e-01
   5.2882925e-01
   5.3566512e-01
   5.4700221e-01
   5.2418615e-01
   5.1183649e-01
   5.3245013e-01
   5.3316880e-01
   5.4234417e-01
   5.1311203e-01
   5.0369945e-01
   5.1195042e-01
   5.0922758e-01
   4.9863182e-01
   5.2120739e-01
   5.1046192e-01
   5.5700623e-01
   5.3448595e-01
   5.2991060e-01
   5.2843589e-01
   5.1994352e-01
   5.0147752e-01
   4.9419810e-01
   5.0912787e-01
   5.1695571e-01
   5.1015654e-01
   4.9105024e-01
   5.0179177e-01
   4.9781745e-01
   4.8318255e-01
   4.8008652e-01
   5.3723230e-01
   5.3215113e-01
   5.2258039e-01
   5.1699593e-01
   5.2072423e-01
   5.3448759e-01
   5.2732344e-01
   5.0648505e-01
   5.2370700e-01
   5.1329765e-01
   5.1879182e-01
   5.2875476e-01
   5.1922978e-01
   5.2709504e-01
   5.1187490e-01
   5.1097176e-01
   4.9643857e-01
   5.1737313e-01
   5.0109765e-01
   4.9180586e-01
   5.0188437e-01
   5.0634689e-01
   5.0506953e-01
   4.9514699e-01
   4.9714776e-01
   4.9178988e-01
   5.4785589e-01
   5.5059751e-01
   5.3493843e-01
   5.4722368e-01
   5.5121483e-01
   5.5646200e-01
   5.5102380e-01
   5.5031801e-01
   5.3981874e-01
   5.5192937e-01
   5.6446544e-01
   5.4861539e-01
   5.4145136e-01
   5.2864521e-01
   5.5867391e-01
   5.6133769e-01
   5.4392520e-01
   5.5762556e-01
   5.5724417e-01
   5.4307961e-01
   5.5161420e-01
   5.5212441e-01
   5.5665334e-01
   5.3672787e-01
   5.4370963e-01
   5.6603262e-01
   5.5047289e-01
   5.4255525e-01
   5.5772581e-01
   5.6084888e-01
   5.0660609e-01
   5.0290520e-01
   5.0494309e-01
   4.9882249e-01
   5.0275354e-01
   5.1480790e-01
   5.1349488e-01
   5.2456724e-01
   5.1365200e-01
   5.3640761e-01
   5.4800068e-01
   5.6080057e-01
   5.3196775e-01
   5.3993011e-01
   5.2107512e-01
   5.4255914e-01
   5.6927550e-01
   5.4444203e-01
   5.3763934e-01
   5.7034828e-01
   5.8174316e-01
   5.9194714e-01
   5.1368852e-01
   5.1845551e-01
   5.1051648e-01
   5.1094581e-01
   5.0204568e-01
   5.3500059e-01
   5.3631319e-01
   5.9496260e-01
   5.7494788e-01
   5.4198173e-01
   5.6073040e-01
   5.4977081e-01
   5.1369284e-01
   5.0413923e-01
   5.2863713e-01
   5.4137735e-01
   5.4911836e-01
   5.1055446e-01
   5.4875143e-01
   5.3460534e-01
   5.1833976e-01
   5.2656795e-01
   5.4494087e-01
   5.1962800e-01
   5.3450272e-01
   5.2577393e-01
   5.1685284e-01
   5.0702254e-01
   5.1149205e-01
   5.2460042e-01
   5.1138784e-01
   5.1134683e-01
   5.1737690e-01
   5.0560519e-01
   5.0903497e-01
   5.0976834e-01
   5.0970218e-01
   5.0524257e-01
   5.0555020e-01
   5.0653038e-01
   5.0285908e-01
   5.0528875e-01
   5.1050749e-01
   5.1013175e-01
   5.3669592e-01
   5.3527936e-01
   5.2002841e-01
   5.2744265e-01
   5.2844920e-01
   5.1457574e-01
   5.1888879e-01
   5.0606903e-01
   5.1300600e-01
   4.9061933e-01
   4.9763189e-01
   5.0729620e-01
   5.0532989e-01
   5.1347945e-01
   5.0847671e-01
   4.9898198e-01
   5.1379631e-01
   5.0886235e-01
   5.0617178e-01
   4.8743472e-01
   4.8600400e-01
   5.1988039e-01
   4.9744427e-01
   4.9584622e-01
   5.2109140e-01
   5.0096464e-01
   4.9331489e-01
   5.1831224e-01
   5.0659558e-01
   4.9832504e-01
   4.9409037e-01
   4.9488287e-01
   5.1453521e-01
   5.2765349e-01
   5.1389498e-01
   5.3565023e-01
   5.2297490e-01
   5.0677549e-01
   4.8726988e-01
   4.9088905e-01
   5.0868657e-01
   5.0273349e-01
   4.9313109e-01
   4.9434089e-01
   5.1344256e-01
   4.8010323e-01
   4.9956485e-01
   5.1698275e-01
   5.4083799e-01
   5.2944530e-01
   5.3115818e-01
   5.3985896e-01
   5.4053443e-01
   5.2663247e-01
   5.3209899e-01
   5.4574934e-01
   5.2935513e-01
   5.4608577e-01
   5.5909808e-01
   5.6042550e-01
   5.4214797e-01
   5.4440642e-01
   5.3878934e-01
   5.4895364e-01
   5.6823949e-01
   5.6606112e-01
   5.4220557e-01
   5.6771652e-01
   5.5544743e-01
   5.2526155e-01
   4.8753078e-01
   4.8647137e-01
   4.8827533e-01
   4.9010105e-01
   4.8492867e-01
   4.9076637e-01
   5.0356535e-01
   5.0838247e-01
   5.0770518e-01
   5.0472623e-01
   5.0640224e-01
   5.0506054e-01
   5.0622196e-01
   5.0753857e-01
   5.0787348e-01
   5.1270360e-01
   5.0546325e-01
   5.1622361e-01
   5.0206519e-01
   5.1327450e-01
   5.1274765e-01
   5.2875470e-01
   5.1211733e-01
   5.1966962e-01
   5.3470839e-01
   5.3794089e-01
   5.1343588e-01
   5.0271101e-01
   5.0882644e-01
   4.9528163e-01
   4.8660206e-01
   4.9192422e-01
   4.9188478e-01
   4.9366043e-01
   4.9890542e-01
   4.9032756e-01
   5.0600699e-01
   4.9311876e-01
   4.8869318e-01
   5.0398587e-01
   5.0815170e-01
   5.2293723e-01
   5.1587394e-01
   4.9658287e-01
   4.9256171e-01
   5.0245332e-01
   4.8933402e-01
   4.9159508e-01
   4.9740702e-01
   5.1764801e-01
   5.1721145e-01
   5.0363735e-01
   5.1030923e-01
   5.3162987e-01
   5.4864176e-01
   5.6046609e-01
   5.2178978e-01
   5.4374955e-01
   5.0451558e-01
   5.1414234e-01
   5.1002117e-01
   5.0273495e-01
   5.0652254e-01
   5.0492383e-01
   5.0387292e-01
   5.0577951e-01
   5.0391746e-01
   5.0751688e-01
   5.0406298e-01
   5.1188693e-01
   5.0451947e-01
   5.0684542e-01
   5.1202716e-01
   5.2666188e-01
   5.2336383e-01
   5.2266624e-01
   5.4528100e-01
   5.6519067e-01
   5.4239484e-01
   5.0643195e-01
   5.1763768e-01
   5.3542785e-01
   5.3130219e-01
   5.3548630e-01
   5.1584313e-01
   5.8611047e-01
   5.6288938e-01
   5.5221172e-01
   5.7544295e-01
   5.4809091e-01
   5.1584726e-01
   5.2769887e-01
   5.1134987e-01
   5.2278788e-01
   5.3571324e-01
   5.2278308e-01
   5.4972129e-01
   5.2412837e-01
   5.1920292e-01
   5.1855206e-01
   4.8219350e-01
   4.6212561e-01
   4.7031825e-01
   4.8933244e-01
   4.9376519e-01
   4.7773055e-01
   4.6674745e-01
   4.8260642e-01
   4.8566107e-01
   4.6978290e-01
   4.6755240e-01
   4.6267810e-01
   4.9323925e-01
   5.0514384e-01
   4.6681477e-01
   4.7977440e-01
   4.9333993e-01
   5.1409640e-01
   5.1727962e-01
   5.1844761e-01
   5.0943994e-01
   5.1015466e-01
   4.6758970e-01
   4.7313551e-01
   4.8111659e-01
   4.6820623e-01
   4.7509806e-01
   4.8374695e-01
   4.8529900e-01
   5.1006917e-01
   4.9320619e-01
   5.4807584e-01
   5.2466555e-01
   5.1770403e-01
   5.1223247e-01
   4.9777061e-01
   4.8658274e-01
   4.7728603e-01
   4.9865169e-01
   4.9147714e-01
   4.8437363e-01
   4.8315527e-01
   4.7090793e-01
   4.8252665e-01
   4.8706627e-01
   4.9155018e-01
   4.7816900e-01
   4.8590521e-01
   5.1805820e-01
   5.1534496e-01
   5.0299731e-01
   5.3423191e-01
   5.3062246e-01
   5.1262771e-01
   5.2400776e-01
   4.7656487e-01
   4.7464169e-01
   4.7843889e-01
   4.8230250e-01
   4.8728270e-01
   4.8930868e-01
   4.6709900e-01
   4.9112838e-01
   4.8207186e-01
   4.7179478e-01
   4.4778722e-01
   4.4691458e-01
   4.6623664e-01
   4.6455656e-01
   4.6551967e-01
   5.1711417e-01
   5.0877109e-01
   5.1946121e-01
   5.0916688e-01
   4.9416304e-01
   4.4399859e-01
   4.6381122e-01
   4.7364231e-01
   4.5739690e-01
   4.6326535e-01
   4.7352614e-01
   4.7125815e-01
   4.8587270e-01
   4.8273566e-01
   4.7942096e-01
   4.7133878e-01
   4.7922391e-01
   4.7840784e-01
   4.7927519e-01
   4.7944313e-01
   4.8111136e-01
   4.8423765e-01
   5.6543553e-01
   5.6659058e-01
   5.8566157e-01
   5.7865369e-01
   5.7598645e-01
   5.4067236e-01
   5.1178424e-01
   5.6105413e-01
   5.4526733e-01
   5.7042496e-01
   5.3639114e-01
   5.0252459e-01
   5.2236925e-01
   5.0109892e-01
   4.8003828e-01
   5.1309538e-01
   5.1730399e-01
   4.8746243e-01
   5.5422749e-01
   5.3725023e-01
   5.3438163e-01
   4.7844466e-01
   5.1114839e-01
   4.9669248e-01
   4.7469298e-01
   4.7163790e-01
   5.2584709e-01
   4.7907262e-01
   4.8530970e-01
   5.1617160e-01
   4.8775310e-01
   4.7747536e-01
   4.8558227e-01
   5.2544255e-01
   4.9773999e-01
   5.2390313e-01
   5.3317451e-01
   5.0852276e-01
   5.5627474e-01
   5.5880941e-01
   5.5186697e-01
   5.8178034e-01
   5.5081187e-01
   5.8668720e-01
   5.6185051e-01
   5.5471868e-01
   5.4002599e-01
   5.9838229e-01
   5.7628496e-01
   5.7235543e-01
   5.3352126e-01
   5.2744951e-01
   5.6633071e-01
   5.6535563e-01
   5.3974941e-01
   5.7785652e-01
   4.7840760e-01
   4.7545515e-01
   5.2236840e-01
   4.8877691e-01
   4.8817429e-01
   4.8642908e-01
   4.8491348e-01
   4.7085719e-01
   5.1288953e-01
   4.5304442e-01
   4.7557503e-01
   5.0196518e-01
   4.8784849e-01
   4.7549744e-01
   5.1457027e-01
   4.9014109e-01
   5.0879242e-01
   5.1630746e-01
   5.0059595e-01
   5.3789939e-01
   5.7488226e-01
   5.7865084e-01
   4.7622571e-01
   4.7823802e-01
   4.8336902e-01
   4.7502035e-01
   4.7554599e-01
   5.6167497e-01
   4.9432114e-01
   5.2447914e-01
   5.7802623e-01
   5.7864725e-01
   5.6737536e-01
   5.5541845e-01
   4.7199086e-01
   4.7979907e-01
   4.8104106e-01
   5.0741620e-01
   5.3044583e-01
   4.8415343e-01
   5.4699602e-01
   5.0938774e-01
   4.9045097e-01
   4.9414809e-01
   5.3130765e-01
   5.0677585e-01
   5.0375098e-01
   5.3964575e-01
   5.4397655e-01
   5.0438610e-01
   5.1621656e-01
   4.5077327e-01
   4.7415118e-01
   4.8745793e-01
   4.7865435e-01
   4.8355780e-01
   5.0740855e-01
   5.4013268e-01
   4.9512323e-01
   4.8974542e-01
   4.9015118e-01
   5.3925501e-01
   4.9725409e-01
   5.1093688e-01
   5.4072291e-01
   5.3796744e-01
   4.4950168e-01
   4.5218357e-01
   4.6470761e-01
   4.5123395e-01
   4.8218481e-01
   5.0461784e-01
   4.8910118e-01
   4.6160180e-01
   4.6990484e-01
   4.6303568e-01
   4.6029291e-01
   4.8274520e-01
   5.1365486e-01
   5.2615976e-01
   5.1900150e-01
   5.0399110e-01
   4.9530813e-01
   5.3309607e-01
   5.1832378e-01
   4.9551070e-01
   4.9811050e-01
   5.0751913e-01
   5.0029549e-01
   5.0404815e-01
   5.2782155e-01
   5.2624513e-01
   5.2643263e-01
   5.3736853e-01
   4.9279509e-01
   5.0824369e-01
   5.1689398e-01
   5.0951789e-01
   5.2052779e-01
   4.7873109e-01
   4.8120414e-01
   4.6582790e-01
   4.7759208e-01
   4.9140466e-01
   5.0034975e-01
   5.1496734e-01
   4.8980169e-01
   4.9963770e-01
   5.0411383e-01
   5.3032036e-01
   5.3322245e-01
   5.1670410e-01
   5.3437124e-01
   5.4143672e-01
   5.3876771e-01
   5.2695231e-01
   5.3311575e-01
   5.3980464e-01
   5.3916539e-01
   5.4970367e-01
   5.2929826e-01
   5.4696813e-01
   5.3849982e-01
   5.5049737e-01
   5.5692062e-01
   5.6353794e-01
   5.4815532e-01
   5.4531327e-01
   5.3466896e-01
   5.5000917e-01
   5.7097229e-01
   5.6107576e-01
   5.9617427e-01
   5.8638760e-01
   5.7493257e-01
   5.8361354e-01
   4.5356422e-01
   4.7335869e-01
   4.8460938e-01
   5.0175136e-01
   4.8752082e-01
   5.0173429e-01
   5.1060118e-01
   5.1480954e-01
   5.3371375e-01
   5.1335987e-01
   6.3474863e-01
   9.8492568e-01
   6.7198366e-01
   6.8407867e-01
   9.7057790e-01
   6.2744461e-01
   5.1199891e-01
   5.1192666e-01
   5.1263294e-01
   5.3624593e-01
   5.7646032e-01
   5.2652311e-01
   7.1904607e-01
   5.6052029e-01
   5.4379609e-01
   5.6116544e-01
   0.0000000e+00
   0.0000000e+00
   0.0000000e+00
   0.0000000e+00
   0.0000000e+00
   0.0000000e+00
   0.0000000e+00
   0.0000000e+00
   0.0000000e+00
   0.0000000e+00
   0.0000000e+00
   0.0000000e+00
   0.0000000e+00
   0.0000000e+00
   0.0000000e+00
   0.0000000e+00
   0.0000000e+00
   0.0000000e+00
   0.0000000e+00
   0.0000000e+00
   0.0000000e+00
   0.0000000e+00
   0.0000000e+00
   0.0000000e+00
   0.0000000e+00
   0.0000000e+00
   0.0000000e+00
   0.0000000e+00
   0.0000000e+00
   0.0000000e+00
   8.1475503e-01
   5.9948442e-01
   9.9962189e-01
   9.3148088e-01
   1.0000000e+00
   0.0000000e+00
   1.0000000e+00
   0.0000000e+00
   1.0000000e+00
   0.0000000e+00
   0.0000000e+00
   0.0000000e+00
   0.0000000e+00
   0.0000000e+00
   0.0000000e+00
   0.0000000e+00
   0.0000000e+00
   0.0000000e+00
   0.0000000e+00
   0.0000000e+00
   0.0000000e+00
   0.0000000e+00
   6.5267807e-01
   0.0000000e+00
   9.6739331e-01
   6.4883402e-01
   6.3288227e-01
   0.0000000e+00
   0.0000000e+00
   0.0000000e+00
   0.0000000e+00
   0.0000000e+00
   0.0000000e+00
   0.0000000e+00
   8.5520195e-01
   5.9422807e-01
   0.0000000e+00
   0.0000000e+00
   7.2044549e-01
   6.0879067e-01
   6.3171926e-01
   6.1540574e-01
   6.0231219e-01
   5.8163744e-01
   4.5355268e-01
   4.4659122e-01
   4.4939390e-01
   4.6136763e-01
   4.7237273e-01
   4.3864715e-01
   4.4216898e-01
   4.2870875e-01
   4.3220002e-01
   4.4756879e-01
   4.4696538e-01
   4.4768745e-01
   4.5644899e-01
   4.9569547e-01
   4.5141587e-01
   4.5076610e-01
   4.5069823e-01
   5.1223308e-01
   4.5764912e-01
   4.8740835e-01
   5.1709582e-01
   5.5966631e-01
   4.7511252e-01
   4.4208975e-01
   4.9865339e-01
   4.9392377e-01
   4.7764652e-01
   4.8979877e-01
   4.3958553e-01
   4.9850696e-01
   4.9616071e-01
   4.8799104e-01
   4.9754306e-01
   5.1783229e-01
   5.4180620e-01
   5.4574479e-01
   5.4984159e-01
   5.0704180e-01
   5.2413487e-01
   5.5703108e-01
   5.9171491e-01
   5.3946730e-01
   4.6990393e-01
   6.3251199e-01
   6.2238767e-01
   5.7599234e-01
   6.2831457e-01
   5.1137994e-01
   5.0478973e-01
   7.8827435e-01
   4.4209971e-01
   4.8140441e-01
   4.8469389e-01
   4.5714821e-01
   4.9461212e-01
   4.3970893e-01
   4.4074847e-01
   4.2773568e-01
   4.3156611e-01
   4.3665470e-01
   4.3719845e-01
   4.4825440e-01
   4.3484242e-01
   4.3721655e-01
   4.4176292e-01
   4.5040646e-01
   4.7124673e-01
   4.4649200e-01
   4.4735084e-01
   4.5887228e-01
   0.0000000e+00
   6.2975720e-01
   9.0199565e-01
   0.0000000e+00
   0.0000000e+00
   5.0282548e-01
   4.7338621e-01
   4.9019608e-01
   4.8347377e-01
   5.2957940e-01
   5.4913453e-01
   5.4379585e-01
   0.0000000e+00
   0.0000000e+00
   8.4635760e-01
   9.0286190e-01
   8.2503818e-01
   0.0000000e+00
   6.6104156e-01
   0.0000000e+00
   0.0000000e+00
   0.0000000e+00
   4.9496410e-01
   5.0412489e-01
   5.0008678e-01
   5.1730107e-01
   5.5467262e-01
   5.3965663e-01
   5.1875409e-01
   5.8666102e-01
   5.6524019e-01
   5.6766281e-01
   6.3304134e-01
   6.0784877e-01
   5.6712168e-01
   6.0843346e-01
   5.2783498e-01
   5.9187836e-01
   6.8928015e-01
   6.7578140e-01
   7.8931438e-01
   7.3551325e-01
   7.2576351e-01
   6.8739538e-01
   6.4154166e-01
   6.0920262e-01
   6.2873430e-01
   6.4905100e-01
   6.4803011e-01
   6.0378107e-01
   6.6417696e-01
   6.4140167e-01
   6.2934427e-01
   5.5256437e-01
   6.0764565e-01
   6.6536920e-01
   7.1328523e-01
   6.9682442e-01
   5.6061416e-01
   6.0223728e-01
   5.7408776e-01
   6.2131295e-01
   6.8162427e-01
   6.8618911e-01
   7.1748125e-01
   7.4113362e-01
   6.9618778e-01
   7.9310690e-01
   8.7323401e-01
   8.8152392e-01
   7.3359961e-01
   6.0055775e-01
   7.9334945e-01
   8.2059996e-01
   7.5307059e-01
   7.7830678e-01
   6.4620360e-01
   6.8533883e-01
   7.2999873e-01
   6.4821877e-01
   7.2011180e-01
   7.1702166e-01
   8.2417210e-01
   8.3558265e-01
   8.0081534e-01
   8.0139955e-01
   7.4236066e-01
   8.6164597e-01
   8.1113604e-01
   8.3424733e-01
   8.8219271e-01
   8.6454247e-01
   5.2939797e-01
   6.1387525e-01
   5.6398312e-01
   5.2992579e-01
   5.7219272e-01
   8.3577727e-01
   7.2392103e-01
   8.2075976e-01
   8.2411596e-01
   8.6484857e-01
   8.6502101e-01
   8.0327740e-01
   6.1511925e-01
   6.0989802e-01
   6.4449697e-01
   6.8619549e-01
   7.2281009e-01
   6.6050013e-01
   7.7008857e-01
   7.0496700e-01
   0.0000000e+00
   0.0000000e+00
   5.3064306e-01
   5.4457278e-01
   5.6858047e-01
   5.4577784e-01
   5.6095995e-01
   6.0144515e-01
   0.0000000e+00
   6.0560909e-01
   5.7836587e-01
   5.7211968e-01
   6.0409738e-01
   6.1824657e-01
   6.0372900e-01
   6.3847280e-01
   6.1608212e-01
   6.1349192e-01
   6.0335180e-01
   6.3241703e-01
   6.5871986e-01
   6.3323006e-01
   0.0000000e+00
   6.5369665e-01
   6.7103246e-01
   6.7380269e-01
   7.5538640e-01
   6.8054092e-01
   5.7531122e-01
   5.6632931e-01
   5.5365027e-01
   5.7005937e-01
   5.7465216e-01
   5.7982703e-01
   5.8498969e-01
   5.3871448e-01
   5.4295274e-01
   5.2387895e-01
   5.3248676e-01
   5.5055595e-01
   5.6559861e-01
   5.6923613e-01
   5.7254318e-01
   5.8797635e-01
   5.5656384e-01
   5.7026984e-01
   5.7919756e-01
   6.0457648e-01
   6.1497045e-01
   5.9732726e-01
   5.9893491e-01
   6.1955820e-01
   6.0240838e-01
   6.2154997e-01
   7.5635850e-01
   7.8656644e-01
   6.2340261e-01
   6.9032547e-01
   7.1589189e-01
   6.9340102e-01
   6.9849229e-01
   5.7822880e-01
   5.9552815e-01
   5.6637209e-01
   5.8625101e-01
   5.9216703e-01
   6.6509055e-01
   6.9902230e-01
   6.1368684e-01
   6.1377111e-01
   6.1856465e-01
   6.8870403e-01
   7.3310867e-01
   6.6182822e-01
   6.5538523e-01
   6.5806827e-01
   7.8353543e-01
   7.8832156e-01
   7.6841062e-01
   7.5787088e-01
   7.8247869e-01
   7.7534443e-01
   7.3991289e-01
   8.1264489e-01
   8.0147890e-01
   6.9843778e-01
   7.6298712e-01
   8.4847715e-01
   8.2493118e-01
   8.3489947e-01
   8.1588462e-01
   7.7197243e-01
   8.3996309e-01
   8.2519518e-01
   7.5673509e-01
   7.6629702e-01
   7.5583657e-01
   6.7479618e-01
   7.1935886e-01
   7.3414159e-01
   7.1342042e-01
   7.3822771e-01
   5.4017607e-01
   5.6642902e-01
   5.5733561e-01
   5.5904279e-01
   5.6736624e-01
   6.1059330e-01
   5.8894869e-01
   5.8308899e-01
   6.0347076e-01
   6.2162428e-01
   6.3062734e-01
   6.3228281e-01
   5.8740976e-01
   5.8907343e-01
   5.8940767e-01
   6.1936608e-01
   6.1876315e-01
   6.0372511e-01
   6.2641333e-01
   5.9903079e-01
   5.9749763e-01
   6.1278941e-01
   5.3342016e-01
   5.6505268e-01
   5.0477168e-01
   5.1245321e-01
   5.2782337e-01
   5.2737308e-01
   5.5064697e-01
   5.4186380e-01
   5.1527187e-01
   4.9765729e-01
   5.3016202e-01
   5.5754548e-01
   5.7522671e-01
   5.7805879e-01
   5.2710008e-01
   5.3757645e-01
   5.1942263e-01
   5.4514958e-01
   5.7629924e-01
   5.5593710e-01
   5.4266474e-01
   6.1812426e-01
   5.8039508e-01
   6.0018681e-01
   6.1991863e-01
   6.1071300e-01
   6.6045517e-01
   6.6915576e-01
   6.8671486e-01
   6.7441065e-01
   7.3170931e-01
   7.5464780e-01
   7.6729676e-01
   6.3596857e-01
   6.7556989e-01
   5.9357180e-01
   6.0787010e-01
   5.8976233e-01
   7.1793051e-01
   6.6746748e-01
   7.2505238e-01
   6.5186163e-01
   5.5878152e-01
   5.7768986e-01
   6.3033861e-01
   5.5453670e-01
   5.7793873e-01
   6.1355790e-01
   7.4952348e-01
   7.5831430e-01
   7.7241416e-01
   7.9239509e-01
   7.4873239e-01
   6.3701292e-01
   6.9195469e-01
   6.0843213e-01
   6.2344550e-01
   6.5162971e-01
   6.2766170e-01
   6.8693141e-01
   7.0471247e-01
   6.7022508e-01
   7.2143539e-01
   7.0487531e-01
   7.0399927e-01
   6.4829338e-01
   6.9532195e-01
   7.0308763e-01
   7.0034225e-01
   7.1955244e-01
   5.1629908e-01
   6.1129180e-01
   5.5458282e-01
   5.4790298e-01
   6.0449652e-01
   6.0840734e-01
   6.4212387e-01
   5.6133174e-01
   5.6806717e-01
   6.6819952e-01
   6.3117947e-01
   5.8064760e-01
   6.2909285e-01
   6.4894661e-01
   6.7245108e-01
   5.9657541e-01
   5.5630275e-01
   6.2165636e-01
   5.7405787e-01
   5.9297854e-01
   5.8321373e-01
   5.8234845e-01
   5.4844387e-01
   5.6253868e-01
   5.2404671e-01
   5.3592530e-01
   5.9891480e-01
   6.3711657e-01
   6.5573733e-01
   5.2984109e-01
   5.1661163e-01
   5.6469517e-01
   5.4463500e-01
   5.7439028e-01
   5.9650499e-01
   6.0459926e-01
   6.2507649e-01
   6.3047884e-01
   5.6956661e-01
   6.0886133e-01
   6.3711584e-01
   6.1672411e-01
   5.9206902e-01
   6.3912342e-01
   6.3795214e-01
   5.9327104e-01
   5.9448867e-01
   5.6715103e-01
   5.4595781e-01
   5.8517106e-01
   5.8849190e-01
   5.4705927e-01
   5.3404265e-01
   5.4554859e-01
   5.3679605e-01
   6.9309716e-01
   6.2470731e-01
   6.7126037e-01
   6.7902781e-01
   5.9609498e-01
   5.6477513e-01
   5.6474117e-01
   5.9598112e-01
   5.7836411e-01
   5.7824721e-01
   5.8139719e-01
   5.7029159e-01
   5.8909616e-01
   5.7569012e-01
   5.6842401e-01
   5.8899736e-01
   5.4830005e-01
   5.7622542e-01
   5.9766703e-01
   6.1132509e-01
   5.6205898e-01
   5.5133264e-01
   5.6721027e-01
   5.6457079e-01
   5.4897382e-01
   5.7203012e-01
   5.4565881e-01
   6.0604851e-01
   6.3574376e-01
   5.6876002e-01
   5.7484629e-01
   5.7436817e-01
   6.6384661e-01
   5.8468164e-01
   6.1701734e-01
   6.7802873e-01
   6.7735083e-01
   5.8112499e-01
   6.4336434e-01
   6.1233893e-01
   5.8266264e-01
   5.9543580e-01
   0.0000000e+00
   7.3238830e-01
   0.0000000e+00
   0.0000000e+00
   0.0000000e+00
   0.0000000e+00
   6.7175143e-01
   6.0641435e-01
   6.1262754e-01
   6.4650114e-01
   6.4573076e-01
   6.4163742e-01
   6.2871984e-01
   6.3436408e-01
   6.1795602e-01
   6.2205538e-01
   6.0448048e-01
   0.0000000e+00
   0.0000000e+00
   0.0000000e+00
   0.0000000e+00
   0.0000000e+00
   0.0000000e+00
   0.0000000e+00
   0.0000000e+00
   0.0000000e+00
   0.0000000e+00
   0.0000000e+00
   0.0000000e+00
   0.0000000e+00
   0.0000000e+00
   0.0000000e+00
   0.0000000e+00
   0.0000000e+00
   0.0000000e+00
   0.0000000e+00
   0.0000000e+00
   0.0000000e+00
   0.0000000e+00
   0.0000000e+00
   0.0000000e+00
   0.0000000e+00
   0.0000000e+00
   6.1623450e-01
   5.9253906e-01
   0.0000000e+00
   6.2640421e-01
   6.2948614e-01
   0.0000000e+00
   6.4003074e-01
   0.0000000e+00
   0.0000000e+00
   0.0000000e+00
   0.0000000e+00
   0.0000000e+00
   0.0000000e+00
   0.0000000e+00
   0.0000000e+00
   0.0000000e+00
   0.0000000e+00
   0.0000000e+00
   0.0000000e+00
   0.0000000e+00
   0.0000000e+00
   0.0000000e+00
   5.9315778e-01
   6.4617158e-01
   6.2561749e-01
   6.0435239e-01
   6.0821278e-01
   0.0000000e+00
   0.0000000e+00
   0.0000000e+00
   0.0000000e+00
   0.0000000e+00
   0.0000000e+00
   0.0000000e+00
   6.4215862e-01
   6.1726773e-01
   6.5726387e-01
   6.9183317e-01
   7.2773026e-01
   6.3875448e-01
   7.7856034e-01
   7.1158741e-01
   6.8022660e-01
   7.1931147e-01
   0.0000000e+00
   0.0000000e+00
   0.0000000e+00
   0.0000000e+00
   0.0000000e+00
   8.4989559e-01
   8.4940350e-01
   8.3987383e-01
   8.1983912e-01
   0.0000000e+00
   0.0000000e+00
   0.0000000e+00
   0.0000000e+00
   0.0000000e+00
   0.0000000e+00
   0.0000000e+00
   0.0000000e+00
   0.0000000e+00
   0.0000000e+00
   0.0000000e+00
   0.0000000e+00
   0.0000000e+00
   8.5868520e-01
   8.9020386e-01
   7.7003838e-01
   7.9345359e-01
   8.0581395e-01
   7.2529858e-01
   7.8316425e-01
   6.4749432e-01
   7.4401577e-01
   5.6968071e-01
   5.9624202e-01
   0.0000000e+00
   6.9109633e-01
   0.0000000e+00
   7.2636601e-01
   0.0000000e+00
   0.0000000e+00
   0.0000000e+00
   0.0000000e+00
   0.0000000e+00
   7.5370815e-01
   7.2241096e-01
   0.0000000e+00
   0.0000000e+00
   0.0000000e+00
   0.0000000e+00
   0.0000000e+00
   0.0000000e+00
   0.0000000e+00
   0.0000000e+00
   0.0000000e+00
   8.3891710e-01
   0.0000000e+00
   0.0000000e+00
   0.0000000e+00
   0.0000000e+00
   0.0000000e+00
   0.0000000e+00
   0.0000000e+00
   0.0000000e+00
   0.0000000e+00
   0.0000000e+00
   0.0000000e+00
   7.7028525e-01
   0.0000000e+00
   0.0000000e+00
   0.0000000e+00
   0.0000000e+00
   0.0000000e+00
   0.0000000e+00
   0.0000000e+00
   7.7121852e-01
   7.7698592e-01
   7.8529765e-01
   7.8927914e-01
   8.0466898e-01
   7.6761186e-01
   8.3966500e-01
   7.9311285e-01
   8.1491835e-01
   7.8902886e-01
   7.6827026e-01
   4.5434468e-01
   5.1952446e-01
   4.9236272e-01
   4.5781414e-01
   5.0454954e-01
   4.8694171e-01
   4.9666465e-01
   5.3124781e-01
   7.7953219e-01
   0.0000000e+00
   5.4314486e-01
   6.8593744e-01
   4.7456386e-01
   5.0705061e-01
   4.7161627e-01
   5.2577120e-01
   5.2603156e-01
   4.3857594e-01
   4.6356945e-01
   4.6975963e-01
   4.9981828e-01
   5.0809617e-01
   5.3612313e-01
   7.3219095e-01
   0.0000000e+00
   0.0000000e+00
   5.8847094e-01
   5.0217911e-01
   5.7938312e-01
   4.9144433e-01
   5.1454821e-01
   4.9687142e-01
   5.0628679e-01
   5.0516103e-01
   5.6204986e-01
   5.7058610e-01
   5.6950658e-01
   6.0323799e-01
   0.0000000e+00
   5.9834882e-01
   6.0497737e-01
   5.9069876e-01
   4.9550474e-01
   4.4867760e-01
   4.6367420e-01
   4.5119883e-01
   5.1016644e-01
   4.6292206e-01
   4.4652456e-01
   4.9838222e-01
   4.3679403e-01
   4.5822689e-01
   5.2829074e-01
   4.6236477e-01
   5.1001029e-01
   4.6585901e-01
   5.3814352e-01
   5.2515193e-01
   4.9019717e-01
   4.6181227e-01
   5.3202572e-01
   4.5950643e-01
   5.2550702e-01
   4.6718067e-01
   4.8038643e-01
   4.3415990e-01
   4.3765639e-01
   4.7010237e-01
   4.9178951e-01
   4.6808897e-01
   4.9520678e-01
   5.0051957e-01
   4.4730776e-01
   4.3475413e-01
   4.7139049e-01
   4.5036047e-01
   4.7457218e-01
   4.7532579e-01
   4.6487549e-01
   7.7366703e-01
   8.2046939e-01
   7.1014247e-01
   6.4251686e-01
   5.1952258e-01
   8.4352308e-01
   0.0000000e+00
   0.0000000e+00
   0.0000000e+00
   0.0000000e+00
   0.0000000e+00
   0.0000000e+00
   6.0378180e-01
   5.2736323e-01
   5.3444202e-01
   0.0000000e+00
   6.5440365e-01
   5.5295329e-01
   5.4844332e-01
   5.0189646e-01
   5.5690239e-01
   5.5154512e-01
   5.4013742e-01
   5.9864119e-01
   5.7531050e-01
   5.0454778e-01
   5.2076719e-01
   5.0463971e-01
   5.0507694e-01
   4.8264646e-01
   5.3108400e-01
   5.1084222e-01
   5.3369704e-01
   5.1429855e-01
   5.1551065e-01
   5.2170052e-01
   4.8084055e-01
   5.1783078e-01
   5.0114315e-01
   5.0505537e-01
   5.2432420e-01
   5.2892015e-01
   5.0239354e-01
   4.9912428e-01
   5.2891523e-01
   5.4209760e-01
   5.2557634e-01
   5.0404159e-01
   5.3228121e-01
   5.0556223e-01
   5.0740435e-01
   5.2531021e-01
   5.1376648e-01
   5.4836664e-01
   7.6526477e-01
   5.6268207e-01
   5.3785734e-01
   5.4920361e-01
   0.0000000e+00
   0.0000000e+00
   0.0000000e+00
   0.0000000e+00
   8.0170991e-01
   6.7353279e-01
   7.6604505e-01
   5.9822778e-01
   6.5575003e-01
   6.5593584e-01
   5.7007650e-01
   6.7091701e-01
   5.7906619e-01
   5.5077493e-01
   5.6068446e-01
   6.0885532e-01
   7.1285365e-01
   5.5134741e-01
   5.8796675e-01
   5.5246284e-01
   5.9295229e-01
   7.3613701e-01
   6.4684662e-01
   0.0000000e+00
   7.5558867e-01
   4.7228518e-01
   4.3472679e-01
   4.2643657e-01
   5.1011541e-01
   4.2235538e-01
   4.6268649e-01
   4.6979857e-01
   4.6808411e-01
   4.8183556e-01
   4.7714258e-01
   4.7383103e-01
   4.5689806e-01
   4.7798805e-01
   5.0092466e-01
   4.7690549e-01
   4.8316110e-01
   5.2412892e-01
   4.7528059e-01
   4.3561224e-01
   4.3515326e-01
   4.2932972e-01
   4.5147329e-01
   4.5867536e-01
   4.3877967e-01
   4.2936405e-01
   4.9414700e-01
   4.5790158e-01
   4.4730120e-01
   4.9566625e-01
   4.3912916e-01
   4.8061319e-01
   4.6233147e-01
   4.9756931e-01
   5.3341250e-01
   4.8960938e-01
   4.8353192e-01
   5.7010148e-01
   4.7005784e-01
   4.5836086e-01
   4.7217690e-01
   4.8078988e-01
   4.9182348e-01
   4.8951782e-01
   4.9630234e-01
   5.2860663e-01
   4.9699829e-01
   5.8576651e-01
   5.1711654e-01
   4.9177299e-01
   5.0697940e-01
   5.3857115e-01
   4.5163357e-01
   5.3136064e-01
   5.4920726e-01
   4.7236581e-01
   4.9968103e-01
   4.6656766e-01
   4.5729452e-01
   4.2416670e-01
   4.4198415e-01
   4.1907306e-01
   4.4550483e-01
   4.9933852e-01
   4.6500388e-01
   5.1789318e-01
   5.2584891e-01
   5.2452325e-01
   4.7708224e-01
   5.1899949e-01
   5.1333004e-01
   4.5291379e-01
   4.4815822e-01
   5.1926088e-01
   5.0335324e-01
   4.9162400e-01
   5.2121797e-01
   4.4610404e-01
   4.6282101e-01
   4.8018617e-01
   4.6298081e-01
   4.6579844e-01
   4.8411273e-01
   4.3582740e-01
   4.6268521e-01
   4.6042913e-01
   4.8872842e-01
   4.2722311e-01
   4.7057071e-01
   4.8573970e-01
   4.7345019e-01
   4.8264452e-01
   4.8515585e-01
   4.7431669e-01
   4.9838526e-01
   4.9368583e-01
   4.7595077e-01
   4.7864056e-01
   4.7570390e-01
   4.8678349e-01
   4.6108899e-01
   4.6189120e-01
   4.7677443e-01
   4.9321282e-01
   4.5433545e-01
   4.8486937e-01
   4.8252336e-01
   4.9157965e-01
   5.3880939e-01
   4.3022812e-01
   4.7277539e-01
   4.6749206e-01
   4.4847879e-01
   4.5687655e-01
   4.2861050e-01
   4.7104513e-01
   4.2637623e-01
   4.3496157e-01
   4.2871641e-01
   4.6260173e-01
   4.8113919e-01
   4.4823842e-01
   4.5821571e-01
   4.7222630e-01
   4.6363386e-01
   4.7147591e-01
   4.5485100e-01
   4.9536761e-01
   4.6062284e-01
   4.5909588e-01
   4.7968301e-01
   4.7336974e-01
   4.0942291e-01
   5.0852179e-01
   4.5705416e-01
   4.2756367e-01
   4.4202425e-01
   5.0602674e-01
   6.2316892e-01
   6.7042370e-01
   5.5052690e-01
   8.5268855e-01
   8.3494571e-01
   8.3635400e-01
   8.3974320e-01
   7.8501542e-01
   7.8623178e-01
   6.3379355e-01
   5.5586953e-01
   5.8200303e-01
   7.9526941e-01
   6.7080655e-01
   5.2365383e-01
   5.7147253e-01
   5.2987086e-01
   4.8979567e-01
   5.0548604e-01
   5.1077380e-01
   6.5756481e-01
   0.0000000e+00
   0.0000000e+00
   0.0000000e+00
   0.0000000e+00
   0.0000000e+00
   0.0000000e+00
   0.0000000e+00
   0.0000000e+00
   0.0000000e+00
   0.0000000e+00
   0.0000000e+00
   0.0000000e+00
   0.0000000e+00
   0.0000000e+00
   0.0000000e+00
   7.7600793e-01
   0.0000000e+00
   0.0000000e+00
   0.0000000e+00
   7.2189547e-01
   0.0000000e+00
   0.0000000e+00
   8.0135386e-01
   8.1913139e-01
   5.3595853e-01
   5.2104413e-01
   5.3681762e-01
   7.6930221e-01
   0.0000000e+00
   5.1487480e-01
   5.1022070e-01
   5.0746262e-01
   5.1903856e-01
   5.4717660e-01
   5.5181690e-01
   5.5377453e-01
   9.6365927e-01
   0.0000000e+00
   5.7443537e-01
   6.3912354e-01
   6.4312100e-01
   0.0000000e+00
   6.1274086e-01
   0.0000000e+00
   0.0000000e+00
   6.9289240e-01
   5.1313895e-01
   5.3363452e-01
   5.3857352e-01
   5.0624359e-01
   5.5375855e-01
   5.4251964e-01
   5.5253849e-01
   5.5209166e-01
   5.1986381e-01
   5.0972265e-01
   5.1791888e-01
   6.1141004e-01
   5.7875012e-01
   5.8755273e-01
   5.6858114e-01
   5.7594046e-01
   5.1719602e-01
   5.6755223e-01
   5.0952385e-01
   5.7772668e-01
   5.8523407e-01
   5.8735617e-01
   5.8819910e-01
   5.7900003e-01
   5.9501333e-01
   6.0890071e-01
   5.2716917e-01
   5.8674395e-01
   5.6683392e-01
   5.7585326e-01
   5.5037118e-01
   5.0125422e-01
   5.4101674e-01
   4.8888506e-01
   4.8368801e-01
   5.0687902e-01
   5.0287633e-01
   4.9785446e-01
   5.2376539e-01
   5.6008440e-01
   5.4109464e-01
   5.0159904e-01
   5.0095960e-01
   5.1307764e-01
   4.8889448e-01
   4.9982254e-01
   5.1327353e-01
   5.1034253e-01
   4.9031505e-01
   4.9311991e-01
   5.0800612e-01
   5.1568133e-01
   5.1935300e-01
   5.2319953e-01
   5.4236525e-01
   5.1391345e-01
   5.2597074e-01
   5.2426690e-01
   4.9648869e-01
   5.1710409e-01
   5.2192029e-01
   5.0976124e-01
   5.0689282e-01
   4.9463964e-01
   5.3010606e-01
   5.2447239e-01
   5.2011596e-01
   5.0825779e-01
   5.0088091e-01
   5.0787318e-01
   5.3756916e-01
   5.0967976e-01
   5.0809757e-01
   5.2596411e-01
   4.9680319e-01
   4.7046602e-01
   4.8294577e-01
   4.8235488e-01
   4.9594422e-01
   4.8675980e-01
   4.7008415e-01
   4.9943489e-01
   4.9105243e-01
   5.1375366e-01
   5.0471530e-01
   5.1157188e-01
   4.9389752e-01
   5.0292774e-01
   4.8160577e-01
   4.9436063e-01
   5.1886455e-01
   5.1470485e-01
   5.3150415e-01
   5.1357697e-01
   5.1093299e-01
   5.0966317e-01
   5.4023640e-01
   5.1628024e-01
   5.1653416e-01
   5.0482151e-01
   5.1068266e-01
   5.0392220e-01
   4.8959219e-01
   5.0421871e-01
   5.3351294e-01
   5.1210785e-01
   5.2761375e-01
   5.7298004e-01
   5.5284119e-01
   5.4061281e-01
   5.4353756e-01
   5.3497610e-01
   5.0250400e-01
   5.1056394e-01
   5.0446169e-01
   5.3323217e-01
   5.4159220e-01
   5.4350474e-01
   5.2508267e-01
   5.4581776e-01
   5.1008837e-01
   5.0573236e-01
   5.4594645e-01
   4.9902627e-01
   4.9796395e-01
   5.2646040e-01
   5.2135224e-01
   4.9595747e-01
   5.0048294e-01
   5.0197557e-01
   4.9838368e-01
   5.1250996e-01
   5.2380646e-01
   5.2748804e-01
   5.5134394e-01
   4.9123666e-01
   5.2002980e-01
   5.1939061e-01
   5.1543956e-01
   4.9350598e-01
   5.0808517e-01
   4.8878857e-01
   4.9289425e-01
   5.1181529e-01
   5.1307916e-01
   6.2183166e-01
   5.4154773e-01
   5.2745638e-01
   5.5869402e-01
   6.4830766e-01
   6.9796003e-01
   8.6640579e-01
   7.6917145e-01
   5.9388903e-01
   6.9607556e-01
   6.6080995e-01
   6.4157909e-01
   5.7400750e-01
   6.5284801e-01
   6.7254781e-01
   5.4227344e-01
   4.8570002e-01
   5.3803191e-01
   5.1905880e-01
   5.1598519e-01
   5.4522243e-01
   0.0000000e+00
   7.9872939e-01
   0.0000000e+00
   0.0000000e+00
   0.0000000e+00
   0.0000000e+00
   0.0000000e+00
   0.0000000e+00
   0.0000000e+00
   0.0000000e+00
   0.0000000e+00
   0.0000000e+00
   6.2110946e-01
   0.0000000e+00
   0.0000000e+00
   7.6855097e-01
   0.0000000e+00
   0.0000000e+00
   6.7404391e-01
   8.0698309e-01
   7.7357455e-01
   5.6580963e-01
   6.9495885e-01
   7.7116238e-01
   7.1707568e-01
   6.9116955e-01
   6.1207773e-01
   6.4605607e-01
   6.4443548e-01
   6.2964096e-01
   5.8763937e-01
   6.9433417e-01
   6.6385986e-01
   6.1481892e-01
   6.6452123e-01
   5.9475213e-01
   6.1966137e-01
   6.0160592e-01
   5.8672165e-01
   5.4497635e-01
   5.9718550e-01
   5.7973146e-01
   5.8180665e-01
   6.0953255e-01
   6.2996256e-01
   6.1406112e-01
   6.6166411e-01
   7.3406577e-01
   5.6861918e-01
   5.1731553e-01
   5.6657539e-01
   6.4457942e-01
   6.2239551e-01
   5.4800032e-01
   5.2025674e-01
   5.1702230e-01
   5.5697883e-01
   5.9057676e-01
   6.0348632e-01
   5.9649594e-01
   5.5950225e-01
   5.9852210e-01
   5.2720410e-01
   5.9661576e-01
   7.0137833e-01
   5.9892415e-01
   6.3617285e-01
   7.4432157e-01
   7.0983782e-01
   7.5803402e-01
   5.2564676e-01
   5.1068892e-01
   5.1983689e-01
   5.5092531e-01
   5.6191886e-01
   5.4872300e-01
   5.5376657e-01
   5.8235119e-01
   5.5217180e-01
   5.5583204e-01
   5.6790622e-01
   5.8304099e-01
   5.5574346e-01
   5.9027715e-01
   5.4360415e-01
   5.7264125e-01
   6.0805529e-01
   5.8417198e-01
   6.7131773e-01
   6.2162519e-01
   7.4123563e-01
   8.4123796e-01
   5.7282134e-01
   6.2511707e-01
   5.9363596e-01
   6.4125081e-01
   6.1688615e-01
   7.0106395e-01
   0.0000000e+00
   7.3994266e-01
   0.0000000e+00
   0.0000000e+00
   7.0607173e-01
   6.6090722e-01
   6.3826700e-01
   6.8756684e-01
   7.9060030e-01
   6.8466707e-01
   7.9601827e-01
   8.3917175e-01
   4.6411253e-01
   4.4386795e-01
   4.3844664e-01
   4.7995078e-01
   4.5940034e-01
   4.4902648e-01
   4.3096866e-01
   4.4073839e-01
   4.3140364e-01
   5.1795157e-01
   4.9099477e-01
   4.8043802e-01
   4.8726957e-01
   4.3978816e-01
   4.5694066e-01
   4.5391863e-01
   4.3811762e-01
   4.5984031e-01
   4.4895168e-01
   4.7262100e-01
   4.4498509e-01
   4.5873867e-01
   4.6025019e-01
   4.8695350e-01
   4.8573216e-01
   4.4250146e-01
   4.7128719e-01
   4.8495541e-01
   4.7764500e-01
   4.7432738e-01
   4.7667290e-01
   4.7199997e-01
   4.4594054e-01
   4.6525785e-01
   4.6259553e-01
   4.7902571e-01
   4.7713103e-01
   4.6995606e-01
   4.6405080e-01
   4.5930860e-01
   4.7877684e-01
   4.5488423e-01
   4.9255363e-01
   5.0363474e-01
   4.9044659e-01
   4.9737798e-01
   5.0596258e-01
   5.0123047e-01
   4.7282965e-01
   4.7053541e-01
   4.6715727e-01
   4.7909856e-01
   5.0697958e-01
   4.8215959e-01
   4.6343068e-01
   5.1809830e-01
   5.0484411e-01
   5.0197970e-01
   5.2068601e-01
   4.8731490e-01
   4.5689290e-01
   4.5443339e-01
   4.3910121e-01
   4.3825439e-01
   4.3963632e-01
   4.4112968e-01
   4.4196130e-01
   4.1918863e-01
   4.3379789e-01
   4.3014524e-01
   4.4161922e-01
   4.5162889e-01
   4.4550914e-01
   4.4796610e-01
   4.4151046e-01
   4.4847715e-01
   4.5668006e-01
   4.5335600e-01
   4.5180941e-01
   4.5660052e-01
   4.6322555e-01
   4.7547465e-01
   4.2899335e-01
   4.4942270e-01
   4.4288291e-01
   4.3336315e-01
   4.2774959e-01
   4.3723290e-01
   4.2579276e-01
   4.5881595e-01
   4.5094953e-01
   4.9981786e-01
   4.7510657e-01
   4.7800780e-01
   4.9666508e-01
   4.8080537e-01
   4.4315943e-01
   4.4376132e-01
   4.4411525e-01
   4.5323612e-01
   4.7868989e-01
   4.4409866e-01
   4.4523177e-01
   5.0322030e-01
   4.6663158e-01
   4.5104061e-01
   4.7507832e-01
   4.3796530e-01
   4.8165772e-01
   4.8457511e-01
   4.5058200e-01
   4.6122764e-01
   4.6299831e-01
   4.7565821e-01
   4.7427397e-01
   4.8394387e-01
   5.0236218e-01
   4.7855561e-01
   5.1035547e-01
   5.3276328e-01
   5.1252011e-01
   5.0416967e-01
   5.2955382e-01
   4.9976451e-01
   4.6594280e-01
   4.9081486e-01
   4.6561403e-01
   4.7918575e-01
   4.9408855e-01
   5.1328915e-01
   5.4177934e-01
   5.1121577e-01
   5.3174519e-01
   5.4357334e-01
   4.9158536e-01
   4.7349685e-01
   4.9846303e-01
   4.6562333e-01
   4.5814170e-01
   4.6618997e-01
   4.6463695e-01
   4.5656473e-01
   4.6265556e-01
   4.6514599e-01
   4.8247470e-01
   4.6173031e-01
   4.8601773e-01
   4.8520337e-01
   4.8885055e-01
   5.0144793e-01
   4.9780135e-01
   5.1538640e-01
   4.6435496e-01
   4.6944477e-01
   4.6391439e-01
   4.9393483e-01
   5.2567964e-01
   4.9341320e-01
   4.8140271e-01
   5.2540895e-01
   5.1882833e-01
   5.0837822e-01
   5.2678972e-01
   5.0929940e-01
   5.8788898e-01
   5.2390186e-01
   5.8605178e-01
   6.1613006e-01
   5.7066734e-01
   5.5314925e-01
   4.9712868e-01
   5.3666736e-01
   5.6234218e-01
   5.1554960e-01
   4.7723408e-01
   4.6705028e-01
   5.3027540e-01
   5.5566775e-01
   5.2848122e-01
   4.8420946e-01
   4.8116641e-01
   5.2962071e-01
   5.6620542e-01
   5.0091081e-01
   5.1420808e-01
   5.1478299e-01
   4.8331926e-01
   4.7192621e-01
   4.7032731e-01
   4.6389707e-01
   4.5037851e-01
   5.5785888e-01
   5.4078519e-01
   5.3006086e-01
   5.2886212e-01
   5.3876236e-01
   5.3195712e-01
   5.3655283e-01
   4.4992184e-01
   4.5290820e-01
   4.7909935e-01
   5.0326283e-01
   5.1444085e-01
   4.6848847e-01
   5.1016511e-01
   4.9474877e-01
   4.8689979e-01
   4.9624134e-01
   4.6457862e-01
   4.9239450e-01
   4.7263959e-01
   4.9032854e-01
   4.9404055e-01
   4.7678008e-01
   4.3564560e-01
   4.6836251e-01
   4.1599204e-01
   4.5482384e-01
   4.2240058e-01
   4.4703744e-01
   4.1890129e-01
   4.2076766e-01
   4.5060484e-01
   4.2831223e-01
   4.2856068e-01
   4.4953911e-01
   4.3447439e-01
   4.2812527e-01
   4.4693099e-01
   4.8316706e-01
   4.8459917e-01
   4.8562996e-01
   4.9508617e-01
   5.1337202e-01
   4.5423841e-01
   5.0324655e-01
   4.7584851e-01
   4.9629736e-01
   5.3434286e-01
   5.2747321e-01
   5.2353857e-01
   5.1163380e-01
   5.1013126e-01
   5.3378770e-01
   5.2587085e-01
   5.2772798e-01
   5.2188772e-01
   5.0086019e-01
   5.1968864e-01
   5.0514159e-01
   4.6431729e-01
   4.8486463e-01
   5.1360558e-01
   5.3289100e-01
   5.1775592e-01
   5.1422254e-01
   4.7506841e-01
   4.8615882e-01
   5.2517958e-01
   4.5641745e-01
   4.5619659e-01
   4.3836953e-01
   4.5106437e-01
   4.4064852e-01
   5.2029065e-01
   5.1826825e-01
   4.8892073e-01
   5.0398891e-01
   5.2656843e-01
   5.2134064e-01
   4.8925527e-01
   4.9188454e-01
   4.8431998e-01
   4.9392863e-01
   5.1186536e-01
   5.0571778e-01
   5.3632437e-01
   4.9008926e-01
   4.9824915e-01
   5.1612154e-01
   5.3649000e-01
   4.5626598e-01
   4.5266406e-01
   4.7843780e-01
   4.4031671e-01
   4.5126950e-01
   4.7022687e-01
   4.5879287e-01
   4.6067308e-01
   4.6190742e-01
   4.7059009e-01
   4.5515127e-01
   4.5558826e-01
   4.7508694e-01
   4.6341652e-01
   4.7003882e-01
   4.8204883e-01
   4.7326420e-01
   4.6937143e-01
   4.6305427e-01
   4.6302881e-01
   4.6861369e-01
   4.7389769e-01
   4.6744546e-01
   4.8181800e-01
   4.7446367e-01
   4.8293149e-01
   4.8717667e-01
   4.4180345e-01
   4.5206697e-01
   4.3733491e-01
   4.4589309e-01
   4.5194570e-01
   4.5870221e-01
   4.6096832e-01
   4.4728656e-01
   4.4322329e-01
   4.3258615e-01
   4.6675158e-01
   4.9000772e-01
   4.7006604e-01
   4.4133669e-01
   4.5270714e-01
   4.2645662e-01
   4.6414862e-01
   4.7317373e-01
   4.4969757e-01
   4.4924680e-01
   4.5510516e-01
   4.8038491e-01
   4.6292819e-01
   4.8034165e-01
   4.6790037e-01
   4.4353001e-01
   4.7336355e-01
   4.8802500e-01
   4.8852056e-01
   4.7143077e-01
   4.8225766e-01
   4.8304238e-01
   4.8236016e-01
   4.7039317e-01
   4.7321657e-01
   4.7045077e-01
   4.8178495e-01
   4.8180087e-01
   4.8351995e-01
   4.9442224e-01
   4.8707490e-01
   4.9412756e-01
   4.9935553e-01
   4.9870449e-01
   4.7782218e-01
   4.6772356e-01
   4.8846782e-01
   4.9074049e-01
   4.8479312e-01
   4.7061336e-01
   4.6829154e-01
   4.7786173e-01
   4.7337181e-01
   4.7680044e-01
   4.9452311e-01
   4.9267400e-01
   4.7359875e-01
   4.3328599e-01
   4.6578920e-01
   4.7936348e-01
   4.9576030e-01
   4.9355246e-01
   4.9459183e-01
   4.7567030e-01
   4.6375921e-01
   4.9172948e-01
   4.6798817e-01
   4.6333838e-01
   4.8371876e-01
   4.9163555e-01
   4.7311364e-01
   4.6545563e-01
   4.6819779e-01
   4.8901594e-01
   4.9445208e-01
   4.7493893e-01
   4.8717673e-01
   4.9661495e-01
   4.4095147e-01
   4.8560536e-01
   4.5118911e-01
   4.5348116e-01
   4.7451027e-01
   4.8837644e-01
   4.8940869e-01
   4.9426980e-01
   4.9038729e-01
   4.8173877e-01
   4.8063768e-01
   4.8695004e-01
   4.6760653e-01
   5.1037467e-01
   4.7710090e-01
   4.7748618e-01
   4.9228118e-01
   5.3253610e-01
   5.0961541e-01
   5.1837804e-01
   5.2973634e-01
   5.2486989e-01
   4.2647837e-01
   4.3851475e-01
   4.2358346e-01
   4.2803243e-01
   4.3296450e-01
   4.7922902e-01
   4.7058007e-01
   4.6869942e-01
   4.7249972e-01
   4.7189431e-01
   4.6272203e-01
   4.5388661e-01
   4.3906821e-01
   4.4297028e-01
   4.4637364e-01
   4.4806228e-01
   4.4670861e-01
   4.5575553e-01
   4.4608175e-01
   4.5393212e-01
   4.6023027e-01
   4.6020596e-01
   4.5284276e-01
   4.7033047e-01
   4.2291613e-01
   4.2945737e-01
   4.5131877e-01
   4.5094255e-01
   4.6906976e-01
   4.3917114e-01
   4.3329370e-01
   4.3181559e-01
   4.3095566e-01
   4.3609936e-01
   4.3061212e-01
   4.3450884e-01
   4.2901632e-01
   4.5047688e-01
   4.2426452e-01
   4.2426063e-01
   4.2531062e-01
   4.6171864e-01
   4.7186654e-01
   4.3212219e-01
   4.4293808e-01
   4.8466661e-01
   5.0795211e-01
   4.9173215e-01
   4.5645743e-01
   4.6161104e-01
   4.4870506e-01
   4.5120849e-01
   4.5457314e-01
   4.4920682e-01
   4.5491334e-01
   4.7646480e-01
   4.6313587e-01
   4.7385406e-01
   4.7320107e-01
   4.7281330e-01
   4.5280916e-01
   4.5172040e-01
   4.5702426e-01
   4.6733512e-01
   4.7065778e-01
   4.6580445e-01
   4.5919388e-01
   4.7196704e-01
   4.7738428e-01
   4.8171896e-01
   4.6354977e-01
   4.5266388e-01
   4.5875246e-01
   4.6304121e-01
   4.6066628e-01
   4.6380836e-01
   4.5520474e-01
   4.9573691e-01
   4.7771439e-01
   4.7503736e-01
   4.8611112e-01
   4.7055103e-01
   4.5583166e-01
   4.6224896e-01
   4.5275885e-01
   4.5639485e-01
   4.6482069e-01
   4.6511355e-01
   4.7362251e-01
   4.6624271e-01
   4.7522250e-01
   4.8876749e-01
   4.6749079e-01
   4.3037102e-01
   4.7766590e-01
   4.4370171e-01
   4.3297818e-01
   4.1662595e-01
   4.2277067e-01
   4.7856157e-01
   4.7704366e-01
   4.6153345e-01
   5.2460072e-01
   4.9703869e-01
   4.8943135e-01
   4.3400077e-01
   4.4180880e-01
   4.2262479e-01
   4.2101118e-01
   4.3756185e-01
   4.1486901e-01
   4.1836278e-01
   4.5006766e-01
   4.4672131e-01
   4.8583600e-01
   4.6103054e-01
   4.7815034e-01
   5.3450740e-01
   5.7367654e-01
   5.8420637e-01
   5.3460607e-01
   6.7396060e-01
   7.2740385e-01
   6.2976552e-01
   5.8928913e-01
   6.4545558e-01
   5.9205790e-01
   8.7119453e-01
   8.6269743e-01
   8.5783195e-01
   7.8973605e-01
   7.9693715e-01
   7.9545928e-01
   8.0357798e-01
   8.6022370e-01
   8.3916033e-01
   7.6388649e-01
   7.6021482e-01
   8.0873553e-01
   8.3046180e-01
   8.4886929e-01
   8.1497358e-01
   7.9463197e-01
   7.6171468e-01
   8.2740897e-01
   8.1295416e-01
   7.9752251e-01
   7.6278260e-01
   5.7213554e-01
   5.3203252e-01
   5.3211115e-01
   5.5910154e-01
   6.1367869e-01
   6.6883878e-01
   5.9367594e-01
   4.9007055e-01
   5.0776794e-01
   5.0147788e-01
   5.4792589e-01
   6.6239238e-01
   7.2288677e-01
   7.3134779e-01
   6.1568718e-01
   7.2343167e-01
   7.8747389e-01
   7.6588373e-01
   6.7714741e-01
   8.0238313e-01
   7.4876477e-01
   6.7508515e-01
   5.1779073e-01
   5.7082385e-01
   5.4197730e-01
   5.1124743e-01
   4.9115433e-01
   5.8438592e-01
   5.8456504e-01
   6.3411071e-01
   5.9306549e-01
   5.4071319e-01
   5.3684362e-01
   5.1625569e-01
   4.9584482e-01
   4.8180050e-01
   5.2387215e-01
   4.9990037e-01
   5.0246232e-01
   4.8497047e-01
   5.0986975e-01
   4.9646913e-01
   4.9417829e-01
   4.9721733e-01
   4.9548676e-01
   4.9337304e-01
   5.4759608e-01
   7.9000953e-01
   5.2184884e-01
   4.9262350e-01
   5.1483081e-01
   1.0000000e+00
   0.0000000e+00
   1.0000000e+00
   0.0000000e+00
   0.0000000e+00
   0.0000000e+00
   0.0000000e+00
   0.0000000e+00
   0.0000000e+00
   9.5013974e-01
   6.0983477e-01
   9.9605734e-01
   0.0000000e+00
   0.0000000e+00
   7.8973550e-01
   0.0000000e+00
   0.0000000e+00
   8.1884254e-01
   7.0693386e-01
   0.0000000e+00
   0.0000000e+00
   0.0000000e+00
   0.0000000e+00
   0.0000000e+00
   0.0000000e+00
   0.0000000e+00
   0.0000000e+00
   0.0000000e+00
   0.0000000e+00
   0.0000000e+00
   0.0000000e+00
   0.0000000e+00
   0.0000000e+00
   0.0000000e+00
   0.0000000e+00
   0.0000000e+00
   0.0000000e+00
   0.0000000e+00
   0.0000000e+00
   0.0000000e+00
   0.0000000e+00
   0.0000000e+00
   0.0000000e+00
   0.0000000e+00
   0.0000000e+00
   0.0000000e+00
   0.0000000e+00
   0.0000000e+00
   0.0000000e+00
   0.0000000e+00
   5.9602979e-01
   0.0000000e+00
   0.0000000e+00
   0.0000000e+00
   0.0000000e+00
   0.0000000e+00
   0.0000000e+00
   0.0000000e+00
   0.0000000e+00
   0.0000000e+00
   0.0000000e+00
   0.0000000e+00
   0.0000000e+00
   0.0000000e+00
   0.0000000e+00
   0.0000000e+00
   0.0000000e+00
   0.0000000e+00
   0.0000000e+00
   0.0000000e+00
   0.0000000e+00
   6.1409697e-01
   0.0000000e+00
   7.0451701e-01
   6.6336679e-01
   7.1635810e-01
   0.0000000e+00
   0.0000000e+00
   0.0000000e+00
   0.0000000e+00
   0.0000000e+00
   0.0000000e+00
   0.0000000e+00
   7.5615137e-01
   7.9994848e-01
   8.9899593e-01
   8.8595825e-01
   0.0000000e+00
   8.4903553e-01
   0.0000000e+00
   8.2587211e-01
   8.2173806e-01
   7.7902278e-01
   5.0483098e-01
   5.0848005e-01
   5.1024507e-01
   5.2672367e-01
   5.5848471e-01
   5.0476293e-01
   5.0577817e-01
   5.1585504e-01
   5.0827960e-01
   5.2722215e-01
   5.7108014e-01
   5.7594276e-01
   5.7136504e-01
   8.4290248e-01
   5.4030372e-01
   5.6883512e-01
   6.6410721e-01
   1.0000000e+00
   9.2645247e-01
   9.9451279e-01
   0.0000000e+00
   0.0000000e+00
   5.1720221e-01
   5.1885738e-01
   5.1014737e-01
   5.1256774e-01
   5.1070034e-01
   5.2460090e-01
   5.1755547e-01
   5.1024628e-01
   5.1085315e-01
   5.0469142e-01
   5.1156575e-01
   5.1832099e-01
   5.1625551e-01
   5.2250401e-01
   5.3126263e-01
   5.4363094e-01
   5.1717949e-01
   5.2867474e-01
   5.3543186e-01
   5.5205842e-01
   5.4374815e-01
   5.3640724e-01
   5.5151942e-01
   5.6339241e-01
   5.6815910e-01
   5.7887115e-01
   0.0000000e+00
   0.0000000e+00
   7.5992742e-01
   1.0000000e+00
   1.0000000e+00
   1.0000000e+00
   0.0000000e+00
   5.5060613e-01
   5.9011650e-01
   5.1446431e-01
   5.2917990e-01
   5.4703539e-01
   8.5613559e-01
   9.8138905e-01
   6.1633050e-01
   5.6967786e-01
   5.6074054e-01
   6.5147964e-01
   9.9226008e-01
   5.6119187e-01
   5.6809749e-01
   5.9256233e-01
   0.0000000e+00
   0.0000000e+00
   0.0000000e+00
   0.0000000e+00
   0.0000000e+00
   9.4758831e-01
   0.0000000e+00
   6.0704090e-01
   6.1483982e-01
   7.3631152e-01
   6.2108498e-01
   8.9280250e-01
   0.0000000e+00
   0.0000000e+00
   0.0000000e+00
   0.0000000e+00
   0.0000000e+00
   0.0000000e+00
   6.7306452e-01
   0.0000000e+00
   0.0000000e+00
   7.1330260e-01
   4.9856857e-01
   5.0772608e-01
   5.3203890e-01
   5.4192535e-01
   5.2555678e-01
   5.1740138e-01
   5.2610082e-01
   5.5813819e-01
   5.4770496e-01
   5.5499611e-01
   5.1204338e-01
   4.9363735e-01
   5.2137576e-01
   5.4081745e-01
   5.3018602e-01
   5.5518325e-01
   5.3729240e-01
   5.3321376e-01
   5.4587633e-01
   5.4880338e-01
   5.5124533e-01
   5.4084832e-01
   5.5187535e-01
   5.4788627e-01
   5.5255058e-01
   5.6905343e-01
   5.3667392e-01
   5.3237685e-01
   5.0242859e-01
   5.2090833e-01
   5.0642411e-01
   5.1974617e-01
   5.2696647e-01
   5.3623766e-01
   5.2781851e-01
   4.9592709e-01
   5.4321468e-01
   5.1288005e-01
   5.3655854e-01
   5.8050663e-01
   5.8261695e-01
   6.0670204e-01
   5.7321956e-01
   5.9733935e-01
   5.5166822e-01
   5.5797365e-01
   5.3991055e-01
   5.9378033e-01
   5.8687975e-01
   5.8264581e-01
   5.8891594e-01
   5.6231149e-01
   5.6823037e-01
   5.5413708e-01
   5.6775656e-01
   5.4971387e-01
   5.5865514e-01
   5.8491587e-01
   5.3231214e-01
   5.4806928e-01
   5.4432634e-01
   5.2123522e-01
   5.4969455e-01
   4.9555767e-01
   5.0712729e-01
   4.9240082e-01
   5.0522222e-01
   5.3340272e-01
   5.2834414e-01
   5.5777321e-01
   5.0486209e-01
   5.4083422e-01
   5.7194961e-01
   6.0399367e-01
   5.8866184e-01
   6.0074282e-01
   5.7787074e-01
   5.5122668e-01
   5.9757400e-01
   5.6125226e-01
   5.7705242e-01
   6.0195182e-01
   6.0964034e-01
   5.8375833e-01
   5.7488997e-01
   5.8634579e-01
   5.5290930e-01
   5.5455645e-01
   5.9639666e-01
   5.6321554e-01
   5.9428652e-01
   6.2154220e-01
   5.7535157e-01
   5.7810388e-01
   5.7657728e-01
   6.3474322e-01
   5.9325542e-01
   5.9949706e-01
   6.4514407e-01
   6.5419512e-01
   5.0001126e-01
   5.1909440e-01
   5.0796177e-01
   5.1858025e-01
   5.3975427e-01
   5.4905888e-01
   5.3272525e-01
   5.5984482e-01
   5.5905233e-01
   5.8788934e-01
   5.8878397e-01
   5.9634896e-01
   5.5831555e-01
   5.6487362e-01
   5.4347576e-01
   5.8067390e-01
   5.8293248e-01
   5.6257586e-01
   5.6674175e-01
   5.6587094e-01
   5.4000570e-01
   5.2631196e-01
   5.3368422e-01
   5.4620869e-01
   4.9973565e-01
   5.1519944e-01
   5.1775021e-01
   5.1947944e-01
   5.3452265e-01
   4.8467075e-01
   4.8722467e-01
   4.8764872e-01
   4.8537738e-01
   4.8307239e-01
   4.9297057e-01
   4.8979245e-01
   5.0532527e-01
   5.1403394e-01
   4.9212059e-01
   4.9403642e-01
   5.0466183e-01
   5.0236528e-01
   5.0541714e-01
   5.1196482e-01
   5.0560853e-01
   4.9586505e-01
   4.9743266e-01
   4.9420345e-01
   5.5775079e-01
   5.4276183e-01
   5.4796459e-01
   5.5118676e-01
   5.4669726e-01
   5.0916676e-01
   5.2665095e-01
   5.7098924e-01
   5.5748539e-01
   5.6643977e-01
   5.5267556e-01
   5.2967254e-01
   5.0440147e-01
   4.9377959e-01
   5.2804685e-01
   5.1638809e-01
   5.0991447e-01
   5.0150383e-01
   4.9638127e-01
   5.0238606e-01
   5.0092017e-01
   4.9275074e-01
   5.5985752e-01
   5.1101326e-01
   5.2993344e-01
   5.3040002e-01
   5.1396705e-01
   4.9813377e-01
   5.0135436e-01
   4.8612273e-01
   4.9258401e-01
   4.9656458e-01
   4.9490662e-01
   5.0186031e-01
   5.1082441e-01
   5.0536646e-01
   5.0735818e-01
   5.0631560e-01
   5.1170373e-01
   5.0479593e-01
   5.0927637e-01
   5.1435615e-01
   5.1392123e-01
   5.1616656e-01
   4.8973066e-01
   4.9047971e-01
   4.8492800e-01
   4.8678720e-01
   4.8899649e-01
   4.9007711e-01
   5.0106089e-01
   4.9079487e-01
   5.1661479e-01
   4.9989490e-01
   5.1779955e-01
   5.1586932e-01
   5.2205992e-01
   5.2410960e-01
   5.2369521e-01
   5.3016859e-01
   5.0827025e-01
   5.0956857e-01
   5.0275415e-01
   5.2017879e-01
   5.3662276e-01
   5.1602651e-01
   5.4108151e-01
   5.3814820e-01
   5.1867145e-01
   5.1554170e-01
   5.1597559e-01
   5.2097711e-01
   5.1913323e-01
   5.1282889e-01
   5.1798924e-01
   5.1859568e-01
   5.2645056e-01
   5.2488690e-01
   5.2229317e-01
   5.0471208e-01
   5.0688698e-01
   5.1441655e-01
   4.9371336e-01
   5.0012208e-01
   5.0149374e-01
   5.2011256e-01
   5.3740893e-01
   5.3070917e-01
   5.2241518e-01
   5.1219164e-01
   5.2272506e-01
   5.2296609e-01
   5.1711496e-01
   4.9940366e-01
   5.0361165e-01
   5.1813014e-01
   5.0380803e-01
   4.9707782e-01
   5.0064085e-01
   4.9088929e-01
   5.3618450e-01
   5.0426628e-01
   5.2846220e-01
   5.4221846e-01
   5.3683694e-01
   5.2669706e-01
   5.2824000e-01
   5.1662627e-01
   5.2089879e-01
   5.1689556e-01
   5.1889632e-01
   5.1788704e-01
   5.1863427e-01
   5.1035784e-01
   5.2007859e-01
   5.1612026e-01
   5.0808371e-01
   4.9815151e-01
   5.0653621e-01
   4.9972131e-01
   4.8979828e-01
   4.9477368e-01
   4.9785519e-01
   5.1743000e-01
   5.1440190e-01
   4.9556617e-01
   5.0262333e-01
   5.0992802e-01
   5.0823330e-01
   5.1200899e-01
   5.1742526e-01
   5.2275799e-01
   5.2966847e-01
   5.1407793e-01
   5.0865887e-01
   5.0785325e-01
   5.0954420e-01
   5.0887110e-01
   5.1044394e-01
   5.1139112e-01
   5.1906578e-01
   5.1443921e-01
   5.1387074e-01
   5.3931601e-01
   4.9038219e-01
   4.9060378e-01
   4.9285889e-01
   4.9401953e-01
   4.8871032e-01
   4.8063525e-01
   4.8752513e-01
   4.7253454e-01
   4.7620335e-01
   4.7503025e-01
   4.7395505e-01
   4.7746278e-01
   4.8904996e-01
   4.8474305e-01
   4.9046282e-01
   4.8299103e-01
   4.8149737e-01
   4.8797317e-01
   4.8799225e-01
   4.8845476e-01
   5.0356256e-01
   5.1046921e-01
   4.7352918e-01
   4.7490363e-01
   4.7649087e-01
   4.7438650e-01
   4.7752445e-01
   4.8851758e-01
   4.7679940e-01
   4.7699378e-01
   4.7844837e-01
   4.9826957e-01
   4.8352748e-01
   4.8957845e-01
   5.0534088e-01
   5.0426628e-01
   4.9585727e-01
   5.1017805e-01
   4.8966182e-01
   5.0265815e-01
   5.1760639e-01
   5.1219091e-01
   5.0781388e-01
   5.1018273e-01
   5.1058058e-01
   5.0731170e-01
   4.9723294e-01
   5.1199611e-01
   5.0415363e-01
   5.1090030e-01
   4.9153347e-01
   4.9645054e-01
   4.9520939e-01
   4.9570094e-01
   5.0106696e-01
   4.7029899e-01
   4.7929610e-01
   4.6533040e-01
   4.6845371e-01
   4.8990522e-01
   4.9105182e-01
   4.9986543e-01
   4.9109594e-01
   4.8958872e-01
   4.9765395e-01
   5.0957689e-01
   5.1276801e-01
   5.0495566e-01
   5.1665762e-01
   5.2437876e-01
   5.0971889e-01
   5.0927491e-01
   5.0799184e-01
   5.1030674e-01
   5.1123120e-01
   5.1432881e-01
   5.1217876e-01
   5.2377207e-01
   5.2648878e-01
   5.2006140e-01
   5.2891523e-01
   5.2030231e-01
   5.1354835e-01
   5.0976610e-01
   5.1340550e-01
   5.1364806e-01
   5.1410023e-01
   5.0235033e-01
   5.1137958e-01
   5.0791863e-01
   5.0174280e-01
   4.9880918e-01
   5.2555897e-01
   5.1345806e-01
   5.4199152e-01
   5.2079830e-01
   5.2102396e-01
   5.1393922e-01
   5.1518747e-01
   5.2098811e-01
   5.1720391e-01
   5.1975091e-01
   5.1179694e-01
   5.0371531e-01
   5.1157280e-01
   5.0974276e-01
   5.0144695e-01
   5.0272492e-01
   5.0965223e-01
   5.1173278e-01
   5.1301500e-01
   5.0331235e-01
   5.0236000e-01
   5.0451825e-01
   4.9936374e-01
   5.0388228e-01
   4.9648292e-01
   4.9278191e-01
   5.0070441e-01
   5.1642309e-01
   5.0105432e-01
   5.0385803e-01
   5.1184913e-01
   5.1691482e-01
   5.2553326e-01
   5.3832671e-01
   5.2496048e-01
   5.1507859e-01
   5.3469077e-01
   5.1915784e-01
   5.3657470e-01
   5.3872597e-01
   5.4248027e-01
   5.6398470e-01
   5.6155527e-01
   5.4146333e-01
   5.4237746e-01
   5.4271207e-01
   5.4044882e-01
   5.3616998e-01
   5.3518481e-01
   5.4454441e-01
   5.4372609e-01
   5.3583859e-01
   5.4413033e-01
   5.3996310e-01
   5.5045879e-01
   5.4067788e-01
   4.9388324e-01
   5.0446958e-01
   4.9058112e-01
   4.8598207e-01
   5.0483250e-01
   5.1974532e-01
   5.2044917e-01
   5.0419361e-01
   5.0089070e-01
   5.0241188e-01
   5.1550367e-01
   5.2547159e-01
   5.2752291e-01
   5.3057708e-01
   5.0215864e-01
   5.2916605e-01
   5.3694193e-01
   5.3780570e-01
   5.3492409e-01
   5.3470031e-01
   5.3714408e-01
   5.5132480e-01
   5.2541818e-01
   5.3496000e-01
   5.3126269e-01
   5.4106043e-01
   5.3557866e-01
   5.5627766e-01
   5.4460918e-01
   5.4914874e-01
   5.6132457e-01
   5.3826346e-01
   5.0994601e-01
   5.1626347e-01
   5.3048253e-01
   5.1778606e-01
   5.4458870e-01
   5.2280957e-01
   5.0681614e-01
   5.1010125e-01
   5.0690266e-01
   5.0385840e-01
   5.0816501e-01
   4.9968643e-01
   5.4427615e-01
   5.1013145e-01
   5.4352972e-01
   5.6831197e-01
   5.5925879e-01
   4.7736405e-01
   5.0005203e-01
   5.0194871e-01
   4.8738806e-01
   4.8604259e-01
   5.0477265e-01
   5.1169146e-01
   5.3862966e-01
   5.3377913e-01
   5.1020229e-01
   5.2011438e-01
   5.3892939e-01
   5.2265852e-01
   5.4688397e-01
   5.2318762e-01
   5.1606491e-01
   5.0867545e-01
   4.9474130e-01
   5.0521359e-01
   4.8765455e-01
   4.8509728e-01
   4.9957524e-01
   5.0673010e-01
   5.0188254e-01
   5.0101149e-01
   4.9639865e-01
   4.9728070e-01
   5.0170178e-01
   5.0097667e-01
   4.9886162e-01
   5.0152290e-01
   5.0525011e-01
   5.1117038e-01
   4.9436859e-01
   5.0119997e-01
   5.1275069e-01
   5.1599771e-01
   5.1517714e-01
   5.2232210e-01
   5.1742314e-01
   5.2357187e-01
   5.5093223e-01
   5.4967699e-01
   5.0982321e-01
   4.9346363e-01
   5.4750579e-01
   5.4092366e-01
   5.2395946e-01
   5.4220539e-01
   5.0809374e-01
   5.1182726e-01
   5.2039722e-01
   5.0806226e-01
   5.0499571e-01
   5.0820681e-01
   5.3626093e-01
   5.2731463e-01
   5.3469235e-01
   5.2647340e-01
   5.1095219e-01
   5.1271442e-01
   5.2027600e-01
   5.1741050e-01
   5.2664031e-01
   5.3855742e-01
   4.8393215e-01
   4.9012031e-01
   4.8577190e-01
   4.9130696e-01
   4.9949030e-01
   5.0584774e-01
   5.0278981e-01
   5.4280175e-01
   5.1371501e-01
   4.9416207e-01
   4.9995469e-01
   5.0224601e-01
   5.0010118e-01
   4.9655936e-01
   4.8432836e-01
   5.0166672e-01
   5.0954827e-01
   5.0813870e-01
   5.1601600e-01
   5.0303413e-01
   5.1703901e-01
   5.3257347e-01
   5.0338107e-01
   5.2043349e-01
   5.1167724e-01
   5.0210073e-01
   5.0087854e-01
   5.5544093e-01
   5.3379013e-01
   6.8516135e-01
   6.0209352e-01
   5.6275097e-01
   5.6993682e-01
   5.4392466e-01
   5.1536398e-01
   5.1714984e-01
   5.2432621e-01
   5.2762742e-01
   5.3667678e-01
   5.2888667e-01
   5.4169276e-01
   5.3710386e-01
   5.3671469e-01
   5.8743097e-01
   7.3152697e-01
   7.5593136e-01
   7.0212476e-01
   6.7758452e-01
   6.4604508e-01
   5.9494972e-01
   6.3715692e-01
   8.5916617e-01
   7.9098242e-01
   8.3927772e-01
   8.6512807e-01
   8.4167944e-01
   8.1788113e-01
   7.3817661e-01
   6.0420736e-01
   5.5321219e-01
   7.0853379e-01
   6.3917889e-01
   6.8347751e-01
   6.3162824e-01
   5.8311628e-01
   7.4973790e-01
   7.0401938e-01
   6.9583853e-01
   6.2210003e-01
   6.2784647e-01
   6.1721821e-01
   5.8136633e-01
   5.6371086e-01
   5.9128516e-01
   6.3308138e-01
   6.3000333e-01
   5.5570882e-01
   6.3394356e-01
   5.9021487e-01
   7.0422870e-01
   6.7921507e-01
   6.2922239e-01
   6.9150913e-01
   6.2092779e-01
   6.3768292e-01
   6.6320456e-01
   5.9482437e-01
   6.1654699e-01
   5.3255305e-01
   6.4226629e-01
   6.2187303e-01
   5.5138891e-01
   5.2882567e-01
   4.9111878e-01
   5.0799962e-01
   4.9684025e-01
   5.0424641e-01
   5.1602268e-01
   4.8672346e-01
   5.5685269e-01
   5.4123262e-01
   5.3637541e-01
   5.3927032e-01
   5.3383400e-01
   4.9967562e-01
   5.0837317e-01
   4.8899838e-01
   5.1392980e-01
   5.3721924e-01
   5.2064919e-01
   5.5141418e-01
   5.3785862e-01
   5.3263417e-01
   5.3558024e-01
   8.1711987e-01
   7.9229788e-01
   0.0000000e+00
   0.0000000e+00
   0.0000000e+00
   0.0000000e+00
   0.0000000e+00
   0.0000000e+00
   0.0000000e+00
   0.0000000e+00
   0.0000000e+00
   0.0000000e+00
   0.0000000e+00
   0.0000000e+00
   0.0000000e+00
   0.0000000e+00
   0.0000000e+00
   0.0000000e+00
   0.0000000e+00
   0.0000000e+00
   0.0000000e+00
   0.0000000e+00
   0.0000000e+00
   0.0000000e+00
   0.0000000e+00
   0.0000000e+00
   0.0000000e+00
   0.0000000e+00
   0.0000000e+00
   0.0000000e+00
   0.0000000e+00
   0.0000000e+00
   0.0000000e+00
   0.0000000e+00
   0.0000000e+00
   0.0000000e+00
   0.0000000e+00
   0.0000000e+00
   0.0000000e+00
   0.0000000e+00
   0.0000000e+00
   0.0000000e+00
   0.0000000e+00
   0.0000000e+00
   0.0000000e+00
   0.0000000e+00
   0.0000000e+00
   6.3668937e-01
   0.0000000e+00
   0.0000000e+00
   6.1128724e-01
   6.3816608e-01
   0.0000000e+00
   0.0000000e+00
   0.0000000e+00
   0.0000000e+00
   0.0000000e+00
   0.0000000e+00
   7.9407663e-01
   0.0000000e+00
   0.0000000e+00
   0.0000000e+00
   0.0000000e+00
   0.0000000e+00
   0.0000000e+00
   6.9882318e-01
   0.0000000e+00
   0.0000000e+00
   0.0000000e+00
   6.9429942e-01
   7.4248583e-01
   0.0000000e+00
   6.7003338e-01
   6.2872762e-01
   8.0848635e-01
   7.8925125e-01
   8.4292070e-01
   8.3772906e-01
   7.8375155e-01
   7.6525553e-01
   7.6117683e-01
   6.8308299e-01
   7.7988096e-01
   5.8407926e-01
   6.1971927e-01
   6.0931813e-01
   6.0279256e-01
   6.6189445e-01
   7.8367852e-01
   7.5497657e-01
   7.9102714e-01
   7.4635582e-01
   7.5921847e-01
   7.1476145e-01
   7.2841636e-01
   7.4572282e-01
   7.4933385e-01
   6.7081147e-01
   6.6221770e-01
   6.6955180e-01
   6.3525731e-01
   6.1380635e-01
   6.0065296e-01
   6.1777453e-01
   6.1745438e-01
   6.2936055e-01
   6.2538940e-01
   6.1531235e-01
   6.2488102e-01
   6.5284382e-01
   6.2349867e-01
   6.2860871e-01
   6.3532312e-01
   6.3629084e-01
   6.3137195e-01
   6.3362573e-01
   6.0635778e-01
   6.1884992e-01
   5.8781746e-01
   6.0418980e-01
   5.9681663e-01
   5.8161623e-01
   6.0548678e-01
   6.0528627e-01
   5.8468789e-01
   6.0999348e-01
   6.8520559e-01
   7.2615098e-01
   6.6970734e-01
   5.9866349e-01
   5.6436208e-01
   5.7098784e-01
   6.1306957e-01
   6.7358134e-01
   6.9756053e-01
   7.1941579e-01
   7.0081453e-01
   6.4743119e-01
   6.6754173e-01
   6.8675964e-01
   6.0266721e-01
   5.9715901e-01
   6.4079000e-01
   6.0598325e-01
   5.7543997e-01
   6.0430415e-01
   6.0633335e-01
   5.8005859e-01
   5.7266841e-01
   5.6423765e-01
   5.9488963e-01
   5.8965977e-01
   5.6709720e-01
   5.6075239e-01
   5.5850719e-01
   6.1249205e-01
   6.0890964e-01
   6.4736952e-01
   6.2733773e-01
   6.0544200e-01
   5.7637920e-01
   5.5972111e-01
   5.9658975e-01
   5.9433732e-01
   6.2382878e-01
   5.6250975e-01
   5.7854171e-01
   5.9502549e-01
   5.6394478e-01
   5.8678120e-01
   5.4642165e-01
   5.9564329e-01
   5.7200588e-01
   5.8109631e-01
   6.2398839e-01
   6.0801689e-01
   6.0274924e-01
   6.2856691e-01
   6.1572309e-01
   6.2092603e-01
   6.3838804e-01
   6.3629504e-01
   6.3204657e-01
   6.7203299e-01
   6.1618784e-01
   6.2641849e-01
   6.7060695e-01
   7.1084784e-01
   7.1553669e-01
   7.1390783e-01
   7.0922129e-01
   7.0888019e-01
   5.6295105e-01
   5.3332635e-01
   5.3993412e-01
   5.9919350e-01
   6.4231277e-01
   5.5544525e-01
   5.4074241e-01
   5.0402117e-01
   5.3087395e-01
   5.5263005e-01
   5.4031308e-01
   5.8130496e-01
   6.0898711e-01
   6.4334569e-01
   5.5775631e-01
   5.9870347e-01
   6.2849582e-01
   6.4486317e-01
   6.1151989e-01
   6.5091256e-01
   6.3454976e-01
   6.1798202e-01
   5.1430457e-01
   5.0604764e-01
   5.3694084e-01
   5.2315749e-01
   5.3290315e-01
   5.5738847e-01
   5.3886967e-01
   5.3541230e-01
   5.5021101e-01
   5.0508533e-01
   5.1462836e-01
   5.3039273e-01
   5.3348262e-01
   5.5131776e-01
   5.7159976e-01
   5.7427958e-01
   5.5999411e-01
   5.7526960e-01
   5.7935341e-01
   5.9091367e-01
   5.8388197e-01
   5.7228215e-01
   6.0340077e-01
   6.0579866e-01
   6.0998460e-01
   6.0331540e-01
   6.1122168e-01
   6.3077681e-01
   5.6594914e-01
   5.9043756e-01
   5.7783264e-01
   5.7341904e-01
   5.7706142e-01
   5.1856372e-01
   5.3618401e-01
   5.1250868e-01
   5.2156260e-01
   5.4285589e-01
   5.6314214e-01
   6.1360171e-01
   5.3851386e-01
   5.4839751e-01
   5.7395214e-01
   6.6420175e-01
   6.9773054e-01
   6.1581003e-01
   6.3554076e-01
   6.3881214e-01
   6.2265398e-01
   5.9543112e-01
   5.8989685e-01
   6.1277130e-01
   6.3019163e-01
   7.4811549e-01
   6.8651247e-01
   6.1451512e-01
   6.9408724e-01
   7.2609557e-01
   6.6352792e-01
   7.3952050e-01
   6.4603128e-01
   6.7763586e-01
   6.5340664e-01
   7.1891021e-01
   7.4272559e-01
   7.2503761e-01
   7.5085151e-01
   7.4500968e-01
   7.3995900e-01
   7.3633248e-01
   5.0367746e-01
   5.1414234e-01
   5.0774655e-01
   5.2027959e-01
   5.3842666e-01
   5.0408358e-01
   5.0917703e-01
   5.3455850e-01
   5.1043075e-01
   5.0994479e-01
   5.2198190e-01
   5.3335454e-01
   5.4388930e-01
   5.5152707e-01
   5.2723904e-01
   5.4455140e-01
   5.4929354e-01
   5.6541986e-01
   5.4910445e-01
   5.5403622e-01
   5.8624827e-01
   6.0106163e-01
   5.6178398e-01
   5.6266609e-01
   5.2824978e-01
   5.4421497e-01
   5.6056744e-01
   5.5796205e-01
   5.4843001e-01
   5.7929878e-01
   5.3733857e-01
   5.3976126e-01
   5.7727730e-01
   5.8937729e-01
   6.0204880e-01
   5.6733787e-01
   5.4912578e-01
   5.6384404e-01
   5.3315913e-01
   5.4473368e-01
   5.5276761e-01
   5.7121272e-01
   5.6749183e-01
   5.6793040e-01
   5.5603845e-01
   5.7903223e-01
   5.8689221e-01
   5.8725452e-01
   5.7933299e-01
   5.9601472e-01
   5.5809645e-01
   5.5219489e-01
   5.6676302e-01
   5.6518119e-01
   5.9317990e-01
   5.2298626e-01
   5.4782569e-01
   5.3042025e-01
   5.3618705e-01
   5.4554987e-01
   5.6509272e-01
   5.7169631e-01
   5.6295111e-01
   5.6348732e-01
   5.6724594e-01
   5.8262631e-01
   6.0559682e-01
   5.7890166e-01
   5.8767328e-01
   5.9842817e-01
   5.8023102e-01
   5.9128674e-01
   5.7702642e-01
   5.8706993e-01
   6.3624248e-01
   6.4268620e-01
   6.1543211e-01
   6.1989444e-01
   6.4240203e-01
   6.5318177e-01
   6.6100401e-01
   6.5049350e-01
   6.4396933e-01
   7.1709245e-01
   5.9784894e-01
   6.5268536e-01
   7.4926604e-01
   7.7843918e-01
   8.3833271e-01
   8.2290459e-01
   7.9422597e-01
   7.5290283e-01
   5.4099098e-01
   5.5187553e-01
   5.4415226e-01
   5.7699841e-01
   6.0810463e-01
   5.5705211e-01
   5.5604871e-01
   5.9045542e-01
   5.6441574e-01
   6.1159942e-01
   6.2676580e-01
   6.2056536e-01
   6.1267457e-01
   6.1448674e-01
   5.7860460e-01
   6.1554785e-01
   6.4973315e-01
   5.9902738e-01
   6.6633534e-01
   6.3702507e-01
   5.8586391e-01
   6.0070424e-01
   6.4451010e-01
   6.1764784e-01
   7.5238394e-01
   6.8883539e-01
   6.9518506e-01
   0.0000000e+00
   0.0000000e+00
   8.1630265e-01
   7.8707980e-01
   8.2113927e-01
   7.5648123e-01
   0.0000000e+00
   0.0000000e+00
   0.0000000e+00
   7.2393385e-01
   0.0000000e+00
   0.0000000e+00
   0.0000000e+00
   0.0000000e+00
   0.0000000e+00
   0.0000000e+00
   0.0000000e+00
   6.2651565e-01
   6.0493678e-01
   6.7312309e-01
   6.5926877e-01
   6.9212573e-01
   7.6535651e-01
   7.2793793e-01
   6.3408477e-01
   6.3951617e-01
   6.5292925e-01
   0.0000000e+00
   0.0000000e+00
   7.2274562e-01
   7.9205034e-01
   6.5366366e-01
   6.3857791e-01
   7.3845404e-01
   7.5959440e-01
   8.0392036e-01
   0.0000000e+00
   0.0000000e+00
   0.0000000e+00
   6.5925735e-01
   6.9226888e-01
   6.9434444e-01
   6.7641434e-01
   7.0835686e-01
   8.0534670e-01
   7.4042570e-01
   7.8441074e-01
   7.8824214e-01
   8.0986664e-01
   7.7514860e-01
   8.2166891e-01
   7.3198558e-01
   8.1779892e-01
   7.9440449e-01
   8.5250444e-01
   7.7863823e-01
   7.6699582e-01
