   5.7675619e-01
   5.3683331e-01
   8.2131974e-01
   5.4359007e-01
   6.7084600e-01
   6.4263837e-01
   6.2034519e-01
   0.0000000e+00
   6.7216162e-01
   7.1012036e-01
   5.2029147e-01
   7.0002530e-01
   5.7735056e-01
   5.9669955e-01
   5.4556153e-01
   5.9118589e-01
   6.8975265e-01
   5.6837298e-01
   6.0425443e-01
   7.1873821e-01
   6.8614977e-01
   7.7464695e-01
   6.6450462e-01
   6.7977558e-01
   5.2106594e-01
   6.2530875e-01
   7.5599675e-01
   5.9547808e-01
   8.8279568e-01
   5.6675385e-01
   6.0514359e-01
   5.5680453e-01
   5.5966994e-01
   6.8288529e-01
   0.0000000e+00
   7.1538853e-01
   6.9833637e-01
   6.6460028e-01
   6.8710557e-01
   6.1650497e-01
   5.3240723e-01
   0.0000000e+00
   4.9628680e-01
   5.3484941e-01
   6.1692933e-01
   5.7977241e-01
   6.1506322e-01
   5.6997819e-01
   4.7732052e-01
   6.0157125e-01
   5.4737431e-01
   5.4469870e-01
   5.7763800e-01
   5.9853846e-01
   6.7851569e-01
   6.2683219e-01
   5.7384060e-01
   6.3825411e-01
   5.9502820e-01
   5.4650699e-01
   5.1584966e-01
   6.2089928e-01
   5.7574161e-01
   5.7775878e-01
   6.2935209e-01
   6.9932913e-01
   6.0973080e-01
   8.0874942e-01
   6.7590022e-01
   7.1105599e-01
   7.6275676e-01
   6.2192376e-01
   7.8252596e-01
   7.8680239e-01
   7.8741772e-01
   7.1963885e-01
   7.3922489e-01
   6.0076120e-01
   7.4284121e-01
   6.1005266e-01
   6.6976535e-01
   7.3792718e-01
   7.7397390e-01
   7.5990887e-01
   5.5007350e-01
   5.1988688e-01
   5.5262915e-01
   7.4207624e-01
   5.7582188e-01
   5.4509042e-01
   5.4647652e-01
   5.5524441e-01
   8.0739845e-01
   7.0728668e-01
   6.0323192e-01
   7.7024104e-01
   5.7596578e-01
   6.7476635e-01
   7.5190919e-01
   6.0819273e-01
   9.0205512e-01
   8.0154440e-01
   6.4166016e-01
   6.2561702e-01
   6.5752082e-01
   6.8805106e-01
   7.4417990e-01
   5.3678593e-01
   6.6865007e-01
   6.3987193e-01
   6.0950893e-01
   5.2109891e-01
   5.1475212e-01
   5.4120140e-01
   6.5655557e-01
   7.3139642e-01
   7.8251967e-01
   7.6746668e-01
   5.6224038e-01
   5.3243716e-01
   5.6067991e-01
   6.3360119e-01
   0.0000000e+00
   0.0000000e+00
   0.0000000e+00
   0.0000000e+00
   5.4587923e-01
   7.0954779e-01
   7.6311889e-01
   6.5785315e-01
   6.9907893e-01
   6.0496985e-01
   7.7496560e-01
   7.1916020e-01
   8.1366638e-01
   6.8663456e-01
   7.2543161e-01
   6.8217353e-01
   0.0000000e+00
   6.5380136e-01
   6.4441681e-01
   6.4522961e-01
   6.8058527e-01
   6.4900913e-01
   6.5380837e-01
   6.0875078e-01
   6.5524293e-01
   7.4029153e-01
   6.9990213e-01
   5.9353865e-01
   5.3121167e-01
   5.5527138e-01
   5.5195587e-01
   6.6801969e-01
   5.9438599e-01
   0.0000000e+00
   0.0000000e+00
   0.0000000e+00
   6.6209017e-01
   0.0000000e+00
   0.0000000e+00
   0.0000000e+00
   5.0509316e-01
   5.5176828e-01
   5.6601288e-01
   5.5538299e-01
   5.4503301e-01
   5.5189247e-01
   5.3469623e-01
   4.7491270e-01
   5.9403069e-01
   5.9170549e-01
   5.8880613e-01
   5.8217142e-01
   6.1846546e-01
   6.6042166e-01
   5.9514627e-01
   5.8308211e-01
   6.1166126e-01
   5.6719957e-01
   4.8680564e-01
   4.1413031e-01
   5.8311731e-01
   5.7539428e-01
   5.9207905e-01
   4.3303676e-01
   5.0690560e-01
   5.9056076e-01
   5.6939296e-01
   4.8555572e-01
   5.5345659e-01
   5.8585303e-01
   5.8628940e-01
   5.1608438e-01
   5.5887640e-01
   5.7525328e-01
   5.4690066e-01
   5.3597210e-01
   5.8955808e-01
   5.7901842e-01
   6.2454291e-01
   5.4935816e-01
   5.8971115e-01
   6.6680949e-01
   6.5438897e-01
   6.6655728e-01
   7.2216872e-01
   6.7956220e-01
   5.9621181e-01
   6.0981140e-01
   5.6047021e-01
   6.2889651e-01
   6.4657238e-01
   5.7956690e-01
   6.6078288e-01
   6.0178384e-01
   6.0775894e-01
   6.2277189e-01
   5.5225460e-01
   5.6629999e-01
   5.2416502e-01
   5.4282355e-01
   5.4471728e-01
   4.9795019e-01
   5.9681929e-01
   5.4315735e-01
   5.3304346e-01
   5.6979133e-01
   5.2836860e-01
   6.5609975e-01
   5.6710063e-01
   6.2546291e-01
   6.3459611e-01
   6.2465549e-01
   5.8110536e-01
   5.9737635e-01
   5.6054711e-01
   6.1706554e-01
   5.8885242e-01
   5.9411449e-01
   6.4007874e-01
   6.1641927e-01
   6.1767004e-01
   5.9812296e-01
   6.1931961e-01
   5.8827758e-01
   7.8845748e-01
   7.2969009e-01
   6.1733776e-01
   5.6544910e-01
   6.1281071e-01
   7.3752637e-01
   7.2038949e-01
   7.4479301e-01
   8.0312506e-01
   7.4991402e-01
   7.4759306e-01
   6.8895936e-01
   6.4684276e-01
   6.5383822e-01
   7.1451303e-01
   6.2097208e-01
   7.7165802e-01
   7.3088657e-01
   6.5579443e-01
   6.4917970e-01
   7.4670587e-01
   7.0218099e-01
   5.5783571e-01
   5.3509137e-01
   7.1926852e-01
   8.1112130e-01
   7.8202812e-01
   8.3172620e-01
   7.0004000e-01
   6.0711737e-01
   7.2387863e-01
   6.2938952e-01
   6.2751502e-01
   7.7285423e-01
   8.3703768e-01
   8.6942351e-01
   6.7508426e-01
   6.6147817e-01
   8.5935280e-01
   7.8878607e-01
   7.6493008e-01
   8.3150095e-01
   7.5020905e-01
   8.1012264e-01
   7.8211353e-01
   7.2562787e-01
   6.0286584e-01
   7.2875597e-01
   6.6779348e-01
   7.5310058e-01
   7.8154341e-01
   8.0727203e-01
   7.7043164e-01
   6.3191975e-01
   7.6948661e-01
   8.1955458e-01
   6.4700821e-01
   7.2235969e-01
   7.4532705e-01
   6.6834384e-01
   6.7301954e-01
   6.7141365e-01
   7.4362011e-01
   7.4192166e-01
   7.6350640e-01
   7.4526914e-01
   7.2841060e-01
   7.4588794e-01
   7.2971555e-01
   7.5082760e-01
   7.6744883e-01
   7.9119416e-01
   5.3973666e-01
   5.5251913e-01
   5.2576354e-01
   5.3137524e-01
   5.0295369e-01
   5.2057077e-01
   5.2770527e-01
   5.4629407e-01
   5.6211197e-01
   5.9561741e-01
   7.0025786e-01
   7.2653694e-01
   6.3511614e-01
   6.1692556e-01
   6.4851196e-01
   5.8943551e-01
   5.1819124e-01
   5.5643629e-01
   6.0375597e-01
   6.0592734e-01
   6.2013182e-01
   5.4810615e-01
   6.2119315e-01
   5.5442054e-01
   5.7785218e-01
   6.3453363e-01
   5.9479226e-01
   6.0666991e-01
   6.2203275e-01
   5.6633245e-01
   5.5017644e-01
   6.9122069e-01
   6.3053057e-01
   7.5257943e-01
   7.2517923e-01
   8.1794255e-01
   8.2045918e-01
   7.4362981e-01
   5.6810013e-01
   5.6713115e-01
   6.1615492e-01
   6.3755638e-01
   6.8660194e-01
   5.5062745e-01
   7.0569663e-01
   6.2476264e-01
   6.4787131e-01
   7.3832014e-01
   6.5308929e-01
   6.5233218e-01
   5.8169217e-01
   5.9891218e-01
   5.7913081e-01
   6.6506025e-01
   7.8771196e-01
   8.5471018e-01
   8.7346228e-01
   8.6174005e-01
   5.6107111e-01
   5.8196717e-01
   7.0061337e-01
   6.8992574e-01
   7.1291281e-01
   8.1135581e-01
   9.3344001e-01
   7.8468766e-01
   9.2290712e-01
   9.0965218e-01
   8.8309274e-01
   7.5505722e-01
   7.5901960e-01
   7.4035736e-01
   7.0160679e-01
   6.9809075e-01
   6.4475069e-01
   6.5341781e-01
   6.4439233e-01
   5.9331256e-01
   5.8474397e-01
   7.3060306e-01
   7.0379744e-01
   6.6317175e-01
   7.5648534e-01
   6.9216475e-01
   6.7569505e-01
   6.8666706e-01
   6.2273975e-01
   6.6150039e-01
   6.3369178e-01
   7.3983554e-01
   6.3970381e-01
   7.7636336e-01
   5.4145932e-01
   6.4317711e-01
   5.9033285e-01
   5.1124109e-01
   6.5502900e-01
   6.8250970e-01
   6.4235187e-01
   7.0843329e-01
   7.2603066e-01
   6.7437043e-01
   5.6811203e-01
   6.0356482e-01
   5.9465166e-01
   6.4869371e-01
   6.0554152e-01
   5.1278003e-01
   5.7776683e-01
   5.2167026e-01
   5.1946310e-01
   5.1319633e-01
   5.6098206e-01
   5.3169528e-01
   5.7558080e-01
   5.0785216e-01
   5.8366275e-01
   5.2232869e-01
   5.8073225e-01
   5.4358356e-01
   5.0688682e-01
   5.5739807e-01
   6.0443142e-01
   7.5175002e-01
   6.9062475e-01
   7.0069063e-01
   6.2489787e-01
   6.7304950e-01
   7.0017703e-01
   6.0342018e-01
   6.4002729e-01
   7.1289093e-01
   6.0309388e-01
   5.9568763e-01
   5.9413745e-01
   5.3711264e-01
   7.2661748e-01
   5.8555790e-01
   5.7076386e-01
   5.3886966e-01
   5.1389380e-01
   5.5451463e-01
   5.5156187e-01
   5.3272783e-01
   5.1240897e-01
   6.4217034e-01
   6.1612568e-01
   7.5422312e-01
   7.7666368e-01
   6.2035864e-01
   5.4205310e-01
   0.0000000e+00
   0.0000000e+00
   0.0000000e+00
   0.0000000e+00
   0.0000000e+00
   0.0000000e+00
   0.0000000e+00
   0.0000000e+00
   0.0000000e+00
   4.0000000e-01
   5.2216089e-01
   0.0000000e+00
   0.0000000e+00
   0.0000000e+00
   5.5606479e-01
   0.0000000e+00
   0.0000000e+00
   5.4030550e-01
   5.3916389e-01
   5.5388136e-01
   6.7054130e-01
   6.5275650e-01
   5.7913477e-01
   6.1026311e-01
   6.4981467e-01
   6.6312056e-01
   7.7156995e-01
   6.9162513e-01
   7.0364147e-01
   7.3140090e-01
   6.7088837e-01
   7.1172117e-01
   6.5088547e-01
   6.6968694e-01
   6.4339522e-01
   6.2476551e-01
   0.0000000e+00
   6.8252375e-01
   6.2346278e-01
   0.0000000e+00
   0.0000000e+00
   8.2903026e-01
   7.2325058e-01
   7.5900647e-01
   7.5576554e-01
   7.3606155e-01
   8.6379709e-01
   7.5545381e-01
   6.7299112e-01
   6.7832639e-01
   8.0512282e-01
   7.4797610e-01
   7.5147287e-01
   7.7510977e-01
   6.7573081e-01
   7.5577287e-01
   6.8852455e-01
   7.1565592e-01
   6.4915914e-01
   7.1163155e-01
   7.1153457e-01
   6.4306810e-01
   0.0000000e+00
   5.9174941e-01
   6.6346697e-01
   6.5715577e-01
   6.6008280e-01
   6.7917753e-01
   6.6839182e-01
   6.2179865e-01
   6.8036419e-01
   7.1213652e-01
   6.6934491e-01
   6.8353767e-01
   5.9810755e-01
   6.2224013e-01
   6.2814444e-01
   6.4791765e-01
   7.0857888e-01
   6.6621148e-01
   6.5385192e-01
   6.6636174e-01
   6.6754603e-01
   6.7045105e-01
   6.6781780e-01
   6.5071377e-01
   6.4256901e-01
   7.2889871e-01
   6.3763374e-01
   6.0098208e-01
   7.3230332e-01
   6.3727724e-01
   6.1035809e-01
   6.6657019e-01
   6.2475406e-01
   7.3474089e-01
   5.6802446e-01
   5.8445224e-01
   6.2348346e-01
   5.9524336e-01
   6.8417045e-01
   7.6401845e-01
   7.1800305e-01
   7.5415632e-01
   7.5158172e-01
   7.3749379e-01
   6.9444951e-01
   6.5268636e-01
   7.6097989e-01
   7.4071681e-01
   7.3668376e-01
   6.3913934e-01
   6.3158290e-01
   6.4819154e-01
   5.8006219e-01
   5.5084569e-01
   5.1204001e-01
   5.8586340e-01
   5.4431405e-01
   5.1774677e-01
   5.3312586e-01
   5.3391051e-01
   4.8703833e-01
   5.5621562e-01
   5.1934197e-01
   5.7901389e-01
   5.3246595e-01
   5.3184675e-01
   5.8653450e-01
   6.1535079e-01
   5.9826568e-01
   6.8144538e-01
   6.5776614e-01
   6.0916480e-01
   0.0000000e+00
   5.7883519e-01
   5.3933956e-01
   5.6248030e-01
   0.0000000e+00
   0.0000000e+00
   0.0000000e+00
   0.0000000e+00
   0.0000000e+00
   0.0000000e+00
   0.0000000e+00
   0.0000000e+00
   6.0572591e-01
   0.0000000e+00
   0.0000000e+00
   0.0000000e+00
   6.2397100e-01
   0.0000000e+00
   0.0000000e+00
   6.4151927e-01
   7.0184424e-01
   0.0000000e+00
   7.9229492e-01
   0.0000000e+00
   0.0000000e+00
   0.0000000e+00
   7.3934165e-01
   7.3241167e-01
   6.1719573e-01
   0.0000000e+00
   0.0000000e+00
   0.0000000e+00
   0.0000000e+00
   0.0000000e+00
   0.0000000e+00
   0.0000000e+00
   0.0000000e+00
   6.6010805e-01
   7.3856234e-01
   5.4779343e-01
   5.4943255e-01
   5.7393315e-01
   4.8229372e-01
   5.1582349e-01
   5.1021807e-01
   5.5474125e-01
   5.7037997e-01
   5.7943035e-01
   5.3699926e-01
   5.5812400e-01
   5.2154993e-01
   5.6427863e-01
   5.6171546e-01
   5.4199301e-01
   5.4633409e-01
   5.4458602e-01
   5.5037735e-01
   5.5734355e-01
   5.8197938e-01
   5.4480700e-01
   5.4704591e-01
   5.2598570e-01
   5.6119010e-01
   6.0745674e-01
   4.8974579e-01
   5.1259646e-01
   5.1365345e-01
   4.7766357e-01
   5.9290244e-01
   5.7753612e-01
   5.7409400e-01
   5.6587550e-01
   6.0899450e-01
   5.9920423e-01
   5.9183354e-01
   5.6974237e-01
   5.6714480e-01
   5.7681068e-01
   5.8063960e-01
   5.9695985e-01
   5.8965986e-01
   6.5609116e-01
   6.7671149e-01
   6.2932377e-01
   6.2067432e-01
   6.3155197e-01
   5.9408931e-01
   5.8139578e-01
   5.5914677e-01
   5.8827312e-01
   5.8407336e-01
   6.0164974e-01
   5.6263210e-01
   5.6867292e-01
   6.1362284e-01
   6.0764582e-01
   5.9231282e-01
   6.0405437e-01
   5.9457873e-01
   4.3468580e-01
   4.3171929e-01
   5.0887077e-01
   4.7048545e-01
   4.5109871e-01
   4.7571673e-01
   4.3456927e-01
   5.5722092e-01
   5.4128298e-01
   5.6944543e-01
   5.9194114e-01
   5.9689788e-01
   5.3240576e-01
   5.3359241e-01
   5.5147625e-01
   5.9410470e-01
   5.8946353e-01
   5.6513959e-01
   5.7810653e-01
   5.7849854e-01
   5.6884736e-01
   5.6747538e-01
   4.1778365e-01
   5.0658197e-01
   4.3389607e-01
   4.1037895e-01
   4.2816772e-01
   4.5683135e-01
   5.2005137e-01
   5.9757327e-01
   5.1763940e-01
   5.9489001e-01
   5.7087952e-01
   6.0059321e-01
   6.1687608e-01
   5.9935420e-01
   4.6393796e-01
   4.9704476e-01
   4.6556331e-01
   5.1392328e-01
   5.3866086e-01
   5.2506518e-01
   5.7203745e-01
   5.7191537e-01
   5.1140633e-01
   5.4517226e-01
   5.2417721e-01
   5.6883750e-01
   5.8591326e-01
   5.4840176e-01
   5.4818403e-01
   5.3580112e-01
   5.4559345e-01
   4.9701369e-01
   4.9645468e-01
   5.5757236e-01
   5.6925063e-01
   5.6202675e-01
   5.5513970e-01
   5.8360021e-01
   5.4678404e-01
   5.6673062e-01
   5.7265026e-01
   5.7334454e-01
   5.2063432e-01
   5.2419633e-01
   5.4468070e-01
   5.4182341e-01
   5.6037115e-01
   5.6677852e-01
   5.8760629e-01
   5.6395995e-01
   5.6374122e-01
   5.8250072e-01
   5.8148749e-01
   5.7205182e-01
   5.7980224e-01
   6.0028407e-01
   6.3923279e-01
   6.0375899e-01
   5.8669377e-01
   6.2502481e-01
   5.8741122e-01
   5.8382510e-01
   6.4312749e-01
   5.9530923e-01
   6.2392748e-01
   6.3870339e-01
   6.5727978e-01
   6.7207956e-01
   6.8108047e-01
   6.5922489e-01
   6.3102790e-01
   6.5410417e-01
   6.0800680e-01
   6.5186296e-01
   6.6266462e-01
   6.7090641e-01
   6.5819233e-01
   6.9519017e-01
   6.9178591e-01
   7.1452693e-01
   7.0749646e-01
   6.7900222e-01
   5.9218755e-01
   5.9985458e-01
   5.7789186e-01
   5.9718305e-01
   6.0454553e-01
   6.1442836e-01
   5.8910528e-01
   5.8397317e-01
   5.6708164e-01
   5.6061249e-01
   5.6344924e-01
   5.8542652e-01
   6.0688691e-01
   6.0161532e-01
   5.5831023e-01
   5.9819775e-01
   6.3546317e-01
   6.0481313e-01
   5.8439768e-01
   6.3894540e-01
   6.4851131e-01
   6.7101784e-01
   6.0989639e-01
   5.6871288e-01
   5.9554216e-01
   6.1638787e-01
   5.7598313e-01
   6.1284120e-01
   5.7250642e-01
   6.8326264e-01
   6.3737438e-01
   6.2370576e-01
   6.4742702e-01
   6.1518504e-01
   5.9506189e-01
   5.8585120e-01
   5.9044966e-01
   5.9932277e-01
   6.1202401e-01
   6.0529642e-01
   6.4172411e-01
   6.1127015e-01
   6.2025312e-01
   6.5027790e-01
   5.8069032e-01
   5.7819482e-01
   5.8613485e-01
   5.4410269e-01
   5.3102889e-01
   5.7870879e-01
   5.5038646e-01
   5.5115924e-01
   5.3763836e-01
   5.8005765e-01
   5.3709726e-01
   5.5818883e-01
   5.4109227e-01
   5.3603877e-01
   5.8028668e-01
   5.7351193e-01
   5.4680332e-01
   5.2682229e-01
   5.7027838e-01
   5.7389955e-01
   5.2642278e-01
   5.5355533e-01
   5.3832415e-01
   5.3926241e-01
   5.8051244e-01
   5.7315947e-01
   5.5465385e-01
   5.3409586e-01
   5.4942940e-01
   5.1975541e-01
   4.9474518e-01
   5.0760588e-01
   5.4351132e-01
   5.5193544e-01
   5.6806869e-01
   5.1975589e-01
   5.5819334e-01
   5.2336709e-01
   5.4430154e-01
   6.1011306e-01
   5.9227703e-01
   6.2839296e-01
   6.7014285e-01
   6.4317530e-01
   5.3563012e-01
   5.7615424e-01
   5.3246201e-01
   5.7739058e-01
   6.5176228e-01
   6.4165077e-01
   6.0603271e-01
   6.4972905e-01
   6.5777682e-01
   6.3172140e-01
   6.0523873e-01
   6.1308468e-01
   5.7884461e-01
   5.7843704e-01
   5.1851477e-01
   5.9272827e-01
   6.3356716e-01
   6.3936578e-01
   6.1790191e-01
   5.8381186e-01
   5.6361431e-01
   5.8551847e-01
   5.8016476e-01
   5.6839150e-01
   6.3414170e-01
   6.2263063e-01
   5.1393074e-01
   5.6772592e-01
   5.7740955e-01
   6.0199287e-01
   5.7189669e-01
   6.0272706e-01
   6.1457296e-01
   6.0761901e-01
   5.7496757e-01
   5.9628125e-01
   5.8843872e-01
   5.8605445e-01
   5.9627593e-01
   6.1291985e-01
   6.1406573e-01
   6.1437853e-01
   6.0672104e-01
   6.2394798e-01
   6.3354941e-01
   6.1783776e-01
   5.9357327e-01
   5.8445558e-01
   6.0764428e-01
   6.0287813e-01
   6.0965537e-01
   5.9077532e-01
   6.0302278e-01
   6.0205854e-01
   5.9467697e-01
   6.4570512e-01
   6.1411744e-01
   5.9420537e-01
   6.6070712e-01
   6.2450735e-01
   6.0514810e-01
   6.0256835e-01
   5.8424933e-01
   7.1530285e-01
   6.9830634e-01
   6.5330894e-01
   7.7345940e-01
   7.3810646e-01
   7.4886011e-01
   6.7375277e-01
   6.8531218e-01
   5.8005176e-01
   5.7075719e-01
   5.7192595e-01
   5.9034416e-01
   5.8193291e-01
   5.5177628e-01
   5.4392045e-01
   6.0733745e-01
   5.6882393e-01
   5.4196493e-01
   5.7851054e-01
   6.9553870e-01
   7.2113366e-01
   7.3644052e-01
   8.0258209e-01
   7.6330417e-01
   7.2952650e-01
   7.1414686e-01
   6.8291141e-01
   7.1703207e-01
   8.1262796e-01
   7.8068336e-01
   7.7815140e-01
   8.2508195e-01
   8.1201664e-01
   8.0854180e-01
   7.4980892e-01
   7.0181579e-01
   7.2530411e-01
   6.8709602e-01
   6.7294395e-01
   7.3073338e-01
   7.0767291e-01
   6.9380841e-01
   6.8011172e-01
   6.8077502e-01
   6.6861615e-01
   6.7283844e-01
   6.6011458e-01
   6.3283012e-01
   6.1021223e-01
   6.0438531e-01
   5.7680815e-01
   6.5856528e-01
   6.3461604e-01
   6.9562676e-01
   7.7587839e-01
   7.1688143e-01
   7.4866192e-01
   6.8599223e-01
   7.5829188e-01
   7.6535657e-01
   7.5477982e-01
   7.5318098e-01
   7.2900247e-01
   7.1903096e-01
   7.5524426e-01
   7.0524862e-01
   6.6189939e-01
   6.7575923e-01
   6.6824636e-01
   6.4091000e-01
   6.4615191e-01
   5.9493766e-01
   7.2370589e-01
   6.3865981e-01
   5.8229305e-01
   5.7223654e-01
   6.9368874e-01
   7.1160177e-01
   7.1345182e-01
   7.1694724e-01
   7.0676277e-01
   7.3208565e-01
   7.0584920e-01
   6.3264734e-01
   5.3487067e-01
   6.8955090e-01
   6.5243746e-01
   5.8659065e-01
   5.2216640e-01
   5.2013219e-01
   5.4226750e-01
   5.2483585e-01
   5.2950751e-01
   6.2633192e-01
   6.5044402e-01
   6.2723605e-01
   6.8659455e-01
   7.4466421e-01
   6.8604155e-01
   6.7756790e-01
   7.2957370e-01
   7.3320458e-01
   8.0773014e-01
   8.3848401e-01
   8.3861013e-01
   7.8283680e-01
   7.4987021e-01
   7.5946871e-01
   8.3421240e-01
   8.5595628e-01
   7.9461087e-01
   7.2682096e-01
   8.0048453e-01
   7.7088893e-01
   7.2813977e-01
   6.2079747e-01
   6.5752794e-01
   5.7297889e-01
   5.7985918e-01
   6.5778753e-01
   7.1146583e-01
   7.4392717e-01
   5.8265263e-01
   5.7981813e-01
   5.8763753e-01
   5.9633714e-01
   6.2497755e-01
   6.9673631e-01
   7.1710911e-01
   7.0143108e-01
   7.8210441e-01
   6.2237644e-01
   7.0804618e-01
   7.8590525e-01
   8.5583146e-01
   8.3806875e-01
   8.3506205e-01
   8.4563980e-01
   8.7329394e-01
   8.0433367e-01
   8.0636380e-01
   6.5016974e-01
   6.7709058e-01
   6.9979513e-01
   6.4073086e-01
   6.5056553e-01
   6.7051848e-01
   6.8069402e-01
   8.6415747e-01
   8.2045741e-01
   7.9366003e-01
   8.0729714e-01
   8.2161182e-01
   7.0313045e-01
   7.2010781e-01
   7.2923047e-01
   8.1703959e-01
   8.4432296e-01
   7.8492796e-01
   7.4249241e-01
   8.2738251e-01
   8.1106567e-01
   7.5677463e-01
   7.0641985e-01
   7.4713003e-01
   7.3869157e-01
   8.0179552e-01
   8.7325085e-01
   7.6856311e-01
   7.5518015e-01
   7.3255977e-01
   7.6511709e-01
   7.6495948e-01
   7.5496565e-01
   7.9823121e-01
   8.5677739e-01
   8.2947830e-01
   8.2254056e-01
   8.2406530e-01
   7.5024213e-01
   7.5412105e-01
   7.0673535e-01
   7.0903667e-01
   7.3068895e-01
   8.0301100e-01
   5.7322701e-01
   6.3736005e-01
   5.8659819e-01
   6.9626273e-01
   6.7104050e-01
   6.7465683e-01
   7.6401967e-01
   6.2790854e-01
   7.1854493e-01
   7.1823105e-01
   6.7033184e-01
   7.6762877e-01
   7.1964016e-01
   7.1848716e-01
   7.1269983e-01
   7.4468018e-01
   8.1592051e-01
   8.2781863e-01
   7.8191548e-01
   8.0773131e-01
   7.4111244e-01
   8.0856060e-01
   7.6984463e-01
   7.4265041e-01
   7.9354737e-01
   7.7169284e-01
   6.6022763e-01
   7.7451119e-01
   7.9409167e-01
   6.0020188e-01
   6.9875651e-01
   7.0793067e-01
   8.1267785e-01
   7.2165456e-01
   7.4340110e-01
   6.3188500e-01
   7.1057676e-01
   7.1255828e-01
   6.6620543e-01
   7.2198850e-01
   7.1393678e-01
   7.2784659e-01
   6.6406730e-01
   6.8329697e-01
   7.0653074e-01
   6.8389938e-01
   7.6886397e-01
   6.9197632e-01
   6.6850431e-01
   6.7878653e-01
   7.4406639e-01
   6.7736183e-01
   6.5164804e-01
   6.2876701e-01
   6.5698219e-01
   6.6382737e-01
   7.5368959e-01
   7.3622654e-01
   8.1816573e-01
   7.6831313e-01
   7.2151475e-01
   7.1798462e-01
   7.2018432e-01
   7.1798538e-01
   7.5025133e-01
   7.9881697e-01
   7.4989893e-01
   7.5753130e-01
   7.2418882e-01
   7.5530227e-01
   8.1057481e-01
   7.7385813e-01
   7.7583306e-01
   7.2171040e-01
   7.8509772e-01
   7.2218569e-01
   6.8063417e-01
   6.9813494e-01
   7.3818240e-01
   7.6690078e-01
   7.5454764e-01
   7.4215034e-01
   7.2470569e-01
   7.5326670e-01
   7.9658679e-01
   7.0915302e-01
   7.3751887e-01
   7.3212001e-01
   7.3704708e-01
   7.4810242e-01
   7.4612301e-01
   7.1688600e-01
   7.7830602e-01
   7.6655350e-01
   7.6522064e-01
   7.3642526e-01
   7.8030645e-01
   7.7220105e-01
   7.6443907e-01
   8.0466315e-01
   5.4113164e-01
   5.6725576e-01
   5.4323111e-01
   5.3341166e-01
   5.4959452e-01
   5.5632812e-01
   5.4486637e-01
   5.4092812e-01
   5.1538221e-01
   5.2986802e-01
   5.1160634e-01
   5.3177902e-01
   5.1924032e-01
   4.9334126e-01
   5.0471249e-01
   4.9847570e-01
   5.4199230e-01
   5.4942368e-01
   5.1669242e-01
   5.2546549e-01
   5.5263747e-01
   5.4894271e-01
   5.4820523e-01
   5.2667523e-01
   5.7234775e-01
   5.6942166e-01
   5.5563846e-01
   5.8750416e-01
   5.7823279e-01
   5.3410174e-01
   5.4777493e-01
   5.5861711e-01
   5.9745053e-01
   6.0722723e-01
   5.8994870e-01
   5.9385066e-01
   6.5957936e-01
   5.8700487e-01
   7.5094112e-01
   7.1538924e-01
   7.4293824e-01
   6.9999828e-01
   7.3275848e-01
   6.6343293e-01
   5.8155707e-01
   6.0819158e-01
   5.7801188e-01
   6.0480808e-01
   6.3515725e-01
   6.0267839e-01
   5.8497218e-01
   6.9530421e-01
   6.1953630e-01
   5.9174021e-01
   6.1191305e-01
   6.1267907e-01
   5.4093599e-01
   5.8052726e-01
   5.2815391e-01
   5.3375779e-01
   5.2200728e-01
   5.2786520e-01
   5.2634176e-01
   5.6293867e-01
   5.3527170e-01
   5.8513412e-01
   5.9632285e-01
   5.8980877e-01
   5.7475123e-01
   5.9151020e-01
   5.4823902e-01
   6.1018508e-01
   5.9127515e-01
   6.0448451e-01
   5.9483841e-01
   6.0694801e-01
   6.0909436e-01
   6.4224263e-01
   5.9158696e-01
   5.4249370e-01
   5.5429826e-01
   5.8019047e-01
   5.7440811e-01
   5.7393111e-01
   5.5442379e-01
   6.4845986e-01
   6.2595764e-01
   5.6741519e-01
   5.8238813e-01
   5.5492626e-01
   5.5749510e-01
   5.9281854e-01
   5.6164252e-01
   5.6128849e-01
   5.6691055e-01
   6.2312017e-01
   5.8624125e-01
   5.9657752e-01
   6.2475350e-01
   6.3529647e-01
   5.4201303e-01
   6.0857437e-01
   5.9581874e-01
   5.5015451e-01
   5.7441428e-01
   6.2148623e-01
   6.1888494e-01
   5.9636241e-01
   6.0682433e-01
   6.0216480e-01
   5.7231781e-01
   5.7632999e-01
   6.0602895e-01
   5.7170989e-01
   6.2228980e-01
   6.0000637e-01
   5.4986527e-01
   5.5081894e-01
   5.5987593e-01
   5.5706566e-01
   5.2888681e-01
   5.2248581e-01
   6.4327527e-01
   6.1783663e-01
   6.4749370e-01
   6.3859764e-01
   6.5132058e-01
   7.0741978e-01
   6.6073170e-01
   6.8559961e-01
   6.6776429e-01
   7.0183181e-01
   7.1233902e-01
   7.5929717e-01
   7.8704643e-01
   8.2653493e-01
   7.5774739e-01
   7.5643841e-01
   7.1665563e-01
   7.8631468e-01
   8.5637036e-01
   7.9009626e-01
   7.1190754e-01
   8.2944318e-01
   8.6039939e-01
   8.2420370e-01
   8.1621748e-01
   7.6734535e-01
   5.5602006e-01
   5.4817202e-01
   5.7389972e-01
   5.8716792e-01
   5.6561484e-01
   5.7290190e-01
   5.8666239e-01
   6.0097263e-01
   5.6835613e-01
   6.3777961e-01
   6.3626483e-01
   6.6640050e-01
   5.9379678e-01
   6.0549003e-01
   5.8505981e-01
   6.3511033e-01
   6.9400754e-01
   6.5655086e-01
   6.4690148e-01
   6.5746621e-01
   7.0834422e-01
   7.0638244e-01
   5.5174470e-01
   5.8245705e-01
   5.6436540e-01
   5.3972859e-01
   5.2488379e-01
   6.5670774e-01
   6.2725399e-01
   7.1505466e-01
   6.9749809e-01
   6.6363377e-01
   7.1404082e-01
   6.6678430e-01
   5.5625563e-01
   5.5698617e-01
   5.9160749e-01
   6.1385925e-01
   7.3173670e-01
   6.6195874e-01
   7.4826190e-01
   7.5535173e-01
   7.5742182e-01
   7.2788430e-01
   6.7578190e-01
   6.9766567e-01
   6.2293199e-01
   5.9367294e-01
   6.5045136e-01
   7.0459179e-01
   7.3645053e-01
   5.7363859e-01
   5.8409999e-01
   5.6204483e-01
   5.8423072e-01
   5.8565157e-01
   5.9219499e-01
   5.8996996e-01
   6.2531598e-01
   6.0800842e-01
   6.5657757e-01
   7.5233490e-01
   5.8388981e-01
   6.0298997e-01
   6.2642105e-01
   7.6761996e-01
   7.3387063e-01
   7.0205816e-01
   7.8485819e-01
   7.9627051e-01
   6.7671788e-01
   8.5419494e-01
   6.8780619e-01
   9.2002984e-01
   8.5849999e-01
   9.2918549e-01
   9.5222717e-01
   8.6998993e-01
   9.8450058e-01
   6.1858806e-01
   6.2507918e-01
   7.0320238e-01
   5.2908500e-01
   5.3338114e-01
   5.6759989e-01
   6.3530074e-01
   6.0967428e-01
   6.2867976e-01
   7.7176731e-01
   7.7692555e-01
   7.6903566e-01
   6.6961062e-01
   6.3656762e-01
   7.2735940e-01
   8.2490964e-01
   6.5397737e-01
   6.8268728e-01
   7.4099341e-01
   7.9300604e-01
   8.6002506e-01
   8.2985102e-01
   7.5226396e-01
   8.6155514e-01
   8.8803804e-01
   8.4964579e-01
   8.5091720e-01
   7.6836562e-01
   7.1554593e-01
   7.8533015e-01
   6.9413484e-01
   9.0541635e-01
   1.0000000e+00
   9.5068227e-01
   8.5215953e-01
   9.6563164e-01
   9.8179254e-01
   9.0998437e-01
   8.6677094e-01
   8.5315086e-01
   8.4894527e-01
   8.9036611e-01
   9.3381070e-01
   7.4655103e-01
   7.6525993e-01
   7.5635174e-01
   7.6812780e-01
   7.4040919e-01
   8.2308628e-01
   7.6720405e-01
   8.7044719e-01
   8.5475385e-01
   7.5599616e-01
   6.6052613e-01
   6.8267337e-01
   7.2887573e-01
   7.3688115e-01
   7.3160844e-01
   7.0483080e-01
   6.7693755e-01
   7.1579192e-01
   6.4020636e-01
   6.8798210e-01
   7.2519058e-01
   7.1482815e-01
   6.4619043e-01
   6.5941647e-01
   6.3756068e-01
   6.2528298e-01
   5.9324762e-01
   6.6961049e-01
   6.6502352e-01
   6.9127962e-01
   6.7120736e-01
   6.4436327e-01
   6.3453961e-01
   6.4024051e-01
   6.0524342e-01
   5.7715856e-01
   6.5125688e-01
   6.3348327e-01
   6.0679318e-01
   5.7967979e-01
   6.0122510e-01
   5.8591285e-01
   5.8410158e-01
   5.9051569e-01
   7.1737497e-01
   7.1173284e-01
   7.3606454e-01
   7.2757341e-01
   7.3439289e-01
   7.1782975e-01
   7.0457001e-01
   7.0038860e-01
   7.1818325e-01
   6.6958167e-01
   6.9068716e-01
   7.1832629e-01
   6.3956658e-01
   6.8411963e-01
   7.2847399e-01
   6.7917735e-01
   7.6151787e-01
   7.2700055e-01
   6.8635576e-01
   7.0642499e-01
   7.0319568e-01
   7.0628334e-01
   7.1405270e-01
   6.7165680e-01
   6.3250506e-01
   6.3892342e-01
   5.9630341e-01
   6.1521270e-01
   6.1433947e-01
   5.9004445e-01
   6.3620882e-01
   6.9992692e-01
   7.1362825e-01
   6.2793388e-01
   6.3175670e-01
   6.7280024e-01
   6.5587840e-01
   6.6985042e-01
   6.8518621e-01
   7.6477744e-01
   6.3116802e-01
   6.7377886e-01
   7.0078314e-01
   7.3552353e-01
   7.4695843e-01
   7.2473236e-01
   6.7193127e-01
   5.9789064e-01
   7.3279747e-01
   7.3923352e-01
   7.7142411e-01
   8.7066806e-01
   7.8140123e-01
   6.2223784e-01
   7.1195135e-01
   5.4804982e-01
   5.6643169e-01
   5.7702933e-01
   5.3478269e-01
   5.6774227e-01
   7.0821675e-01
   6.5288662e-01
   7.2263802e-01
   6.4726161e-01
   5.4883894e-01
   5.6095961e-01
   5.1263523e-01
   5.3451030e-01
   5.2775948e-01
   5.0624097e-01
   6.4919783e-01
   6.3828891e-01
   6.4217491e-01
   6.6737749e-01
   6.3204235e-01
   6.1898971e-01
   6.3411296e-01
   6.6686509e-01
   6.9470814e-01
   7.1019510e-01
   6.0824590e-01
   6.4262356e-01
   6.7474367e-01
   7.1821991e-01
   6.3984402e-01
   6.8486798e-01
   6.9807751e-01
   6.8106386e-01
   7.2896750e-01
   7.0617605e-01
   6.6721797e-01
   6.7935888e-01
   6.1993179e-01
   6.5020817e-01
   6.2687426e-01
   5.5676593e-01
   6.1010324e-01
   7.2292697e-01
   6.7775289e-01
   6.0616980e-01
   6.6589619e-01
   7.1432182e-01
   5.9427598e-01
   5.7151645e-01
   5.6523832e-01
   6.0495416e-01
   5.7795387e-01
   6.2304624e-01
   6.1670591e-01
   5.1612168e-01
   5.4033917e-01
   5.4461480e-01
   5.0755662e-01
   5.2863507e-01
   5.6856484e-01
   5.1020829e-01
   6.0857633e-01
   5.5896612e-01
   5.1563756e-01
   5.0110637e-01
   5.0073406e-01
   5.1511072e-01
   5.0931899e-01
   5.2048987e-01
   5.2893648e-01
   5.5985363e-01
   5.4511842e-01
   5.3926382e-01
   5.8757105e-01
   5.6535213e-01
   5.3169988e-01
   5.4533082e-01
   5.2677982e-01
   5.9906417e-01
   5.9792117e-01
   6.5850680e-01
   6.0075574e-01
   5.2966170e-01
   5.3600487e-01
   5.4080205e-01
   5.5786422e-01
   5.1950180e-01
   5.0980221e-01
   5.2016855e-01
   5.2421663e-01
   4.9487605e-01
   5.6097959e-01
   5.8282123e-01
   5.3135276e-01
   5.4717235e-01
   5.1205159e-01
   5.1698809e-01
   5.2294336e-01
   5.6955639e-01
   5.3946397e-01
   5.6727112e-01
   6.0010488e-01
   5.9417750e-01
   6.2293363e-01
   6.1073965e-01
   5.1929255e-01
   5.1549728e-01
   5.4752353e-01
   5.2948230e-01
   6.0237449e-01
   5.1367189e-01
   6.3191180e-01
   5.4680145e-01
   5.1669684e-01
   5.2619768e-01
   6.1261671e-01
   6.2341587e-01
   5.8798100e-01
   6.0709247e-01
   6.3745843e-01
   6.6424049e-01
   6.4303446e-01
   6.6598899e-01
   6.8099102e-01
   7.0357286e-01
   7.3421837e-01
   7.1733767e-01
   6.4680802e-01
   6.8415775e-01
   6.5578494e-01
   6.7817637e-01
   6.9629985e-01
   6.6831254e-01
   6.5640936e-01
   6.5391487e-01
   6.4936462e-01
   6.0511768e-01
   6.3339727e-01
   6.4178758e-01
   6.4750316e-01
   6.5664925e-01
   6.6905342e-01
   7.3398359e-01
   7.8356561e-01
   6.5226775e-01
   6.1909240e-01
   5.6534341e-01
   6.3282970e-01
   6.5680928e-01
   6.7134028e-01
   6.7701437e-01
   6.9319275e-01
   7.7540465e-01
   6.4714973e-01
   6.7856398e-01
   7.4057054e-01
   7.6011363e-01
   6.8097249e-01
   7.7220641e-01
   7.5752570e-01
   6.1057632e-01
   5.8351980e-01
   5.7252524e-01
   5.7349860e-01
   5.6799397e-01
   6.6600446e-01
   6.0529186e-01
   5.6293949e-01
   5.7067700e-01
   5.5814807e-01
   7.7973748e-01
   7.3281312e-01
   7.3607616e-01
   7.8455118e-01
   7.3000205e-01
   6.1407592e-01
   5.8795895e-01
   6.7394118e-01
   6.2093781e-01
   6.3082286e-01
   5.7722588e-01
   5.6501786e-01
   5.8831290e-01
   5.7561536e-01
   5.6124039e-01
   5.4748046e-01
   5.5952610e-01
   5.3750049e-01
   5.1534842e-01
   5.1510891e-01
   5.6550840e-01
   5.5802750e-01
   5.3833063e-01
   5.5184398e-01
   5.4945374e-01
   5.1675444e-01
   5.4820435e-01
   5.3906086e-01
   5.3506518e-01
   5.5038464e-01
   5.5148938e-01
   5.5609341e-01
   5.3447924e-01
   5.5107824e-01
   5.5456580e-01
   5.2151040e-01
   5.3696614e-01
   5.0632289e-01
   5.4061440e-01
   5.4257840e-01
   5.8064287e-01
   5.4704218e-01
   5.9504372e-01
   7.3292544e-01
   5.8573023e-01
   7.1101604e-01
   6.2846379e-01
   6.6914252e-01
   7.1400941e-01
   7.2410877e-01
   7.6944060e-01
   7.0926321e-01
   6.7679055e-01
   7.4112232e-01
   7.6155063e-01
   7.4372422e-01
   6.8706448e-01
   6.0320056e-01
   6.1685007e-01
   5.5154714e-01
   5.7493176e-01
   5.7397262e-01
   5.4622159e-01
   0.0000000e+00
   0.0000000e+00
   0.0000000e+00
   0.0000000e+00
   0.0000000e+00
   0.0000000e+00
   0.0000000e+00
   0.0000000e+00
   0.0000000e+00
   0.0000000e+00
   0.0000000e+00
   0.0000000e+00
   0.0000000e+00
   0.0000000e+00
   0.0000000e+00
   0.0000000e+00
   0.0000000e+00
   0.0000000e+00
   0.0000000e+00
   0.0000000e+00
   0.0000000e+00
   0.0000000e+00
   0.0000000e+00
   0.0000000e+00
   0.0000000e+00
   0.0000000e+00
   0.0000000e+00
   0.0000000e+00
   0.0000000e+00
   0.0000000e+00
   5.4747377e-01
   5.2096142e-01
   5.5956327e-01
   5.5173672e-01
   4.0000000e-01
   0.0000000e+00
   4.0000000e-01
   0.0000000e+00
   4.0000000e-01
   0.0000000e+00
   0.0000000e+00
   0.0000000e+00
   0.0000000e+00
   0.0000000e+00
   0.0000000e+00
   0.0000000e+00
   0.0000000e+00
   0.0000000e+00
   0.0000000e+00
   0.0000000e+00
   0.0000000e+00
   0.0000000e+00
   4.9715468e-01
   0.0000000e+00
   5.0350127e-01
   5.1099242e-01
   5.3771174e-01
   0.0000000e+00
   0.0000000e+00
   0.0000000e+00
   0.0000000e+00
   0.0000000e+00
   0.0000000e+00
   0.0000000e+00
   5.6393914e-01
   5.2035752e-01
   0.0000000e+00
   0.0000000e+00
   5.5722523e-01
   5.5207980e-01
   5.3644748e-01
   5.4698507e-01
   5.2447401e-01
   5.9483694e-01
   5.2657601e-01
   5.4119074e-01
   5.2478009e-01
   5.2623316e-01
   5.3780230e-01
   7.2765514e-01
   6.4102814e-01
   6.6954650e-01
   6.7969424e-01
   7.0342883e-01
   7.2483705e-01
   6.7448601e-01
   5.7264640e-01
   5.4831533e-01
   5.9966016e-01
   6.1823809e-01
   6.2242358e-01
   5.8617212e-01
   6.6776285e-01
   5.8858133e-01
   6.0060600e-01
   6.3877676e-01
   6.4016879e-01
   6.8381099e-01
   6.4679314e-01
   6.2776913e-01
   6.4913007e-01
   6.5655373e-01
   6.7075452e-01
   7.0998593e-01
   6.7306197e-01
   7.9110756e-01
   7.7166172e-01
   7.3777522e-01
   7.6305324e-01
   7.2080348e-01
   6.6871842e-01
   6.8005180e-01
   6.5451572e-01
   6.9245804e-01
   7.2485610e-01
   6.8242433e-01
   6.9037120e-01
   7.5790574e-01
   7.2421451e-01
   7.0365892e-01
   7.0375505e-01
   7.0185919e-01
   6.2759506e-01
   6.4751488e-01
   7.3687100e-01
   6.8546839e-01
   6.7583835e-01
   7.2427286e-01
   6.9389422e-01
   6.9340465e-01
   7.1581431e-01
   6.7343384e-01
   6.7792810e-01
   6.5821862e-01
   6.9661922e-01
   6.5683935e-01
   6.9792561e-01
   6.7071101e-01
   6.5659746e-01
   6.4217464e-01
   6.2604595e-01
   6.5688751e-01
   6.5890637e-01
   6.9312851e-01
   0.0000000e+00
   6.7526870e-01
   6.6577976e-01
   0.0000000e+00
   0.0000000e+00
   6.3983886e-01
   6.4837713e-01
   7.3032017e-01
   6.5942755e-01
   6.3587958e-01
   6.2002306e-01
   5.9685094e-01
   0.0000000e+00
   0.0000000e+00
   6.6466206e-01
   6.2346734e-01
   6.1617329e-01
   0.0000000e+00
   6.3416702e-01
   0.0000000e+00
   0.0000000e+00
   0.0000000e+00
   7.8739677e-01
   8.1258993e-01
   8.1056862e-01
   8.1092819e-01
   7.9897455e-01
   7.2289824e-01
   7.6093690e-01
   6.9148521e-01
   7.0393849e-01
   7.3142511e-01
   7.9675074e-01
   7.5244828e-01
   8.1318700e-01
   7.7364295e-01
   8.1202220e-01
   7.7589605e-01
   7.5024383e-01
   7.5296177e-01
   7.6475321e-01
   7.4779339e-01
   7.2929640e-01
   7.2869719e-01
   7.1760518e-01
   6.7671925e-01
   7.4363913e-01
   7.4706048e-01
   8.1358559e-01
   8.5856816e-01
   8.1599504e-01
   6.7774011e-01
   6.9325738e-01
   6.8969953e-01
   7.0931364e-01
   6.9186768e-01
   6.5650313e-01
   7.0404619e-01
   8.5791634e-01
   8.3243382e-01
   7.7295419e-01
   7.6985154e-01
   7.6130713e-01
   7.9225639e-01
   8.1079615e-01
   7.5382916e-01
   7.7356467e-01
   7.4221203e-01
   7.3147900e-01
   7.0155607e-01
   6.8217280e-01
   7.1646611e-01
   7.6259480e-01
   7.5140037e-01
   6.8704018e-01
   7.4219722e-01
   6.6515167e-01
   7.7673905e-01
   7.9611112e-01
   7.1678146e-01
   7.7574106e-01
   7.9027251e-01
   7.5333046e-01
   7.1677368e-01
   7.6095202e-01
   7.3577878e-01
   7.6363451e-01
   6.8590886e-01
   7.2039270e-01
   7.1549367e-01
   6.8893950e-01
   7.1398093e-01
   6.9512722e-01
   6.4135158e-01
   6.3324824e-01
   6.8212171e-01
   6.6749070e-01
   7.2697310e-01
   7.0555867e-01
   7.3510800e-01
   7.3089804e-01
   7.1929123e-01
   6.9112805e-01
   7.1729922e-01
   6.5930274e-01
   6.4293277e-01
   6.6114250e-01
   6.6740733e-01
   6.6931852e-01
   6.4247503e-01
   7.0462910e-01
   6.4936753e-01
   0.0000000e+00
   0.0000000e+00
   6.7066338e-01
   6.6560309e-01
   5.6705996e-01
   6.3265109e-01
   6.8333297e-01
   6.1564846e-01
   0.0000000e+00
   6.4368899e-01
   5.7743697e-01
   6.4141416e-01
   6.5167229e-01
   6.6949910e-01
   6.9303261e-01
   6.8603240e-01
   6.1229227e-01
   6.2481825e-01
   5.9185051e-01
   6.6244089e-01
   7.0795487e-01
   6.5772798e-01
   0.0000000e+00
   6.8635389e-01
   6.9104672e-01
   6.5694051e-01
   6.6902403e-01
   6.0253338e-01
   6.9261884e-01
   6.4362420e-01
   7.0797474e-01
   7.3090157e-01
   7.1591344e-01
   6.7064476e-01
   7.0923973e-01
   7.3025641e-01
   7.2456217e-01
   7.0937701e-01
   7.0716737e-01
   6.7300235e-01
   6.4334256e-01
   6.4849404e-01
   6.3718164e-01
   6.1379013e-01
   6.6674649e-01
   6.2111776e-01
   6.1345589e-01
   6.2257798e-01
   6.3274660e-01
   6.2788552e-01
   5.9816854e-01
   6.0964646e-01
   6.5021128e-01
   6.4556646e-01
   6.6366136e-01
   6.8656783e-01
   6.6232988e-01
   6.4044327e-01
   7.0272060e-01
   6.6020449e-01
   6.7896038e-01
   7.2496883e-01
   6.7671315e-01
   6.8624891e-01
   7.0288923e-01
   6.6086598e-01
   6.4103981e-01
   6.5913505e-01
   6.4276278e-01
   6.4267200e-01
   6.3215420e-01
   6.5450924e-01
   6.4767494e-01
   6.3435565e-01
   6.3772184e-01
   6.5567611e-01
   6.7002606e-01
   6.5803520e-01
   6.6041120e-01
   6.7788515e-01
   6.4568079e-01
   6.3098105e-01
   6.5043831e-01
   6.7355027e-01
   6.5380771e-01
   6.6445911e-01
   6.7124136e-01
   6.5400911e-01
   6.5255171e-01
   6.2239075e-01
   6.5943313e-01
   6.4282758e-01
   6.6798526e-01
   6.7212309e-01
   6.8285791e-01
   6.4949406e-01
   6.5561350e-01
   7.4828719e-01
   6.7690528e-01
   6.7552951e-01
   6.9945456e-01
   6.9159900e-01
   7.0328054e-01
   6.1491486e-01
   6.4413374e-01
   6.5147468e-01
   6.2785669e-01
   6.6700445e-01
   6.2791594e-01
   8.5593848e-01
   7.5664496e-01
   6.6715856e-01
   6.6537302e-01
   6.5035207e-01
   5.9266436e-01
   6.3275714e-01
   6.1105329e-01
   6.0294657e-01
   6.3481403e-01
   6.4016459e-01
   6.6541196e-01
   6.4839779e-01
   6.5077244e-01
   6.7255596e-01
   7.1999664e-01
   7.8549218e-01
   6.2206085e-01
   6.6800189e-01
   6.6867525e-01
   6.4111172e-01
   6.8558312e-01
   5.8079624e-01
   5.8354129e-01
   5.3675598e-01
   5.4683327e-01
   5.6365818e-01
   5.8629343e-01
   5.8086544e-01
   6.1144642e-01
   6.2557606e-01
   6.0543327e-01
   5.8376226e-01
   6.0948137e-01
   6.3404748e-01
   6.5995878e-01
   6.0176628e-01
   6.3859556e-01
   6.4392873e-01
   6.0829083e-01
   6.6882381e-01
   7.0939126e-01
   6.7652977e-01
   7.1423227e-01
   7.2111875e-01
   7.5294576e-01
   7.7731683e-01
   7.9054852e-01
   7.4547857e-01
   6.9277398e-01
   7.9395082e-01
   7.5212250e-01
   7.0325838e-01
   7.7903776e-01
   7.0858578e-01
   7.4086605e-01
   7.6012036e-01
   6.9116415e-01
   7.2449677e-01
   7.2820222e-01
   6.9594489e-01
   7.1004877e-01
   6.8926849e-01
   6.8546222e-01
   7.7181485e-01
   6.7498660e-01
   6.6058631e-01
   6.8651835e-01
   7.3317708e-01
   7.5691160e-01
   6.2735042e-01
   6.9205383e-01
   7.2431638e-01
   6.5778355e-01
   7.4227408e-01
   6.9138821e-01
   7.0434525e-01
   7.5854109e-01
   7.6647091e-01
   7.5640278e-01
   7.3607537e-01
   7.4903307e-01
   7.5888508e-01
   7.1136974e-01
   6.8777555e-01
   5.4532673e-01
   6.6655503e-01
   6.1680330e-01
   5.8306693e-01
   5.9489249e-01
   6.2707257e-01
   6.6406148e-01
   5.6455873e-01
   5.8227678e-01
   6.2201887e-01
   6.0034594e-01
   6.0083229e-01
   6.0985904e-01
   6.2194255e-01
   6.5804659e-01
   6.0090157e-01
   5.8247073e-01
   5.9696556e-01
   5.4915794e-01
   5.6828921e-01
   5.5941166e-01
   5.3537330e-01
   5.0492776e-01
   5.3945727e-01
   5.0199589e-01
   4.9679621e-01
   5.3737057e-01
   5.6995830e-01
   6.0546964e-01
   5.1780006e-01
   4.9495273e-01
   5.6089049e-01
   5.2955684e-01
   5.3020679e-01
   5.3122228e-01
   5.2522893e-01
   5.3489050e-01
   5.5835342e-01
   4.9771761e-01
   5.1382531e-01
   5.2723422e-01
   5.1106589e-01
   4.9643117e-01
   5.6302050e-01
   5.3378193e-01
   4.8835598e-01
   5.1379612e-01
   5.0396330e-01
   5.4647687e-01
   5.5990173e-01
   5.5237961e-01
   5.3186451e-01
   5.4209421e-01
   5.4895425e-01
   5.4421476e-01
   6.4791556e-01
   5.7026588e-01
   6.4391833e-01
   6.3730201e-01
   5.4613286e-01
   5.4553439e-01
   5.3988390e-01
   5.8266959e-01
   5.3895889e-01
   5.2403098e-01
   5.2223139e-01
   5.2988396e-01
   4.8646573e-01
   5.0614238e-01
   5.2646819e-01
   5.6323133e-01
   5.3263871e-01
   5.3245910e-01
   5.8222689e-01
   6.4905919e-01
   5.5366023e-01
   5.4279318e-01
   5.6051762e-01
   5.5845860e-01
   6.0371056e-01
   6.4259858e-01
   6.4897780e-01
   6.3595614e-01
   6.9786831e-01
   5.6936238e-01
   6.4031994e-01
   6.7928142e-01
   7.2200889e-01
   6.9504903e-01
   6.8526918e-01
   6.6974477e-01
   6.6434708e-01
   6.3681778e-01
   5.4038501e-01
   5.8570620e-01
   5.9975508e-01
   5.6252200e-01
   0.0000000e+00
   5.6436610e-01
   0.0000000e+00
   0.0000000e+00
   0.0000000e+00
   0.0000000e+00
   5.8542888e-01
   5.7443062e-01
   5.5085361e-01
   5.6783360e-01
   5.6300084e-01
   5.5920821e-01
   5.4582517e-01
   5.8800642e-01
   5.3348716e-01
   5.4440836e-01
   5.6437647e-01
   0.0000000e+00
   0.0000000e+00
   0.0000000e+00
   0.0000000e+00
   0.0000000e+00
   0.0000000e+00
   0.0000000e+00
   0.0000000e+00
   0.0000000e+00
   0.0000000e+00
   0.0000000e+00
   0.0000000e+00
   0.0000000e+00
   0.0000000e+00
   0.0000000e+00
   0.0000000e+00
   0.0000000e+00
   0.0000000e+00
   0.0000000e+00
   0.0000000e+00
   0.0000000e+00
   0.0000000e+00
   0.0000000e+00
   0.0000000e+00
   0.0000000e+00
   0.0000000e+00
   5.9153568e-01
   5.8909486e-01
   0.0000000e+00
   6.3951405e-01
   6.4469426e-01
   0.0000000e+00
   6.3809262e-01
   0.0000000e+00
   0.0000000e+00
   0.0000000e+00
   0.0000000e+00
   0.0000000e+00
   0.0000000e+00
   0.0000000e+00
   0.0000000e+00
   0.0000000e+00
   0.0000000e+00
   0.0000000e+00
   0.0000000e+00
   0.0000000e+00
   0.0000000e+00
   0.0000000e+00
   6.2734595e-01
   6.5087135e-01
   6.1484956e-01
   6.3688377e-01
   6.3785808e-01
   0.0000000e+00
   0.0000000e+00
   0.0000000e+00
   0.0000000e+00
   0.0000000e+00
   0.0000000e+00
   0.0000000e+00
   6.2202349e-01
   6.5932154e-01
   6.4933167e-01
   6.6779675e-01
   6.5911971e-01
   6.7930769e-01
   6.9387872e-01
   6.5412786e-01
   6.4862292e-01
   6.9241856e-01
   0.0000000e+00
   0.0000000e+00
   0.0000000e+00
   0.0000000e+00
   0.0000000e+00
   7.4959264e-01
   7.2785379e-01
   7.2482028e-01
   7.4917091e-01
   0.0000000e+00
   0.0000000e+00
   0.0000000e+00
   0.0000000e+00
   0.0000000e+00
   0.0000000e+00
   0.0000000e+00
   0.0000000e+00
   0.0000000e+00
   0.0000000e+00
   0.0000000e+00
   0.0000000e+00
   0.0000000e+00
   7.2359780e-01
   7.2058739e-01
   7.2987822e-01
   7.3467126e-01
   7.4480025e-01
   7.2873844e-01
   7.5444469e-01
   6.2894011e-01
   6.5527532e-01
   6.5633018e-01
   6.5484939e-01
   0.0000000e+00
   7.1809878e-01
   0.0000000e+00
   6.6755035e-01
   0.0000000e+00
   0.0000000e+00
   0.0000000e+00
   0.0000000e+00
   0.0000000e+00
   6.1400225e-01
   6.2041061e-01
   0.0000000e+00
   0.0000000e+00
   0.0000000e+00
   0.0000000e+00
   0.0000000e+00
   0.0000000e+00
   0.0000000e+00
   0.0000000e+00
   0.0000000e+00
   7.4753829e-01
   0.0000000e+00
   0.0000000e+00
   0.0000000e+00
   0.0000000e+00
   0.0000000e+00
   0.0000000e+00
   0.0000000e+00
   0.0000000e+00
   0.0000000e+00
   0.0000000e+00
   0.0000000e+00
   6.5333419e-01
   0.0000000e+00
   0.0000000e+00
   0.0000000e+00
   0.0000000e+00
   0.0000000e+00
   0.0000000e+00
   0.0000000e+00
   6.7157924e-01
   6.5542906e-01
   6.3653377e-01
   7.0031790e-01
   7.0098851e-01
   6.9110420e-01
   6.9736424e-01
   6.7909325e-01
   7.4041931e-01
   6.6657374e-01
   6.9971044e-01
   5.8063154e-01
   5.8048134e-01
   7.3408708e-01
   6.6053508e-01
   7.6911544e-01
   6.7136558e-01
   7.7521398e-01
   6.0728316e-01
   7.3872875e-01
   0.0000000e+00
   5.3823729e-01
   7.1183332e-01
   5.7164924e-01
   6.8574344e-01
   7.4411748e-01
   5.6155165e-01
   6.1313661e-01
   5.7742569e-01
   5.6168895e-01
   7.1880494e-01
   8.0567108e-01
   7.4435805e-01
   6.9234432e-01
   7.7211035e-01
   0.0000000e+00
   0.0000000e+00
   5.4217581e-01
   6.0529150e-01
   5.1698040e-01
   7.0420336e-01
   5.8887712e-01
   7.1280871e-01
   6.7646059e-01
   5.4738202e-01
   6.5619179e-01
   8.2563069e-01
   6.7053731e-01
   6.4501995e-01
   0.0000000e+00
   5.3293122e-01
   6.7090531e-01
   6.4155388e-01
   5.8398207e-01
   5.4430076e-01
   6.1715969e-01
   6.3304759e-01
   7.1734735e-01
   6.6598269e-01
   5.6897899e-01
   5.4075233e-01
   6.8343964e-01
   5.4079346e-01
   5.8930741e-01
   6.0440839e-01
   6.4560403e-01
   5.8615643e-01
   6.3183198e-01
   6.3006489e-01
   6.5765517e-01
   5.3496488e-01
   4.4246879e-01
   5.6417409e-01
   5.6492357e-01
   6.1277833e-01
   5.9501582e-01
   6.0331773e-01
   7.8881415e-01
   8.1005906e-01
   8.1168866e-01
   7.4307492e-01
   7.4925686e-01
   5.6488916e-01
   7.4754024e-01
   7.0158031e-01
   6.6629598e-01
   7.3914376e-01
   7.9331877e-01
   6.7679068e-01
   6.9637999e-01
   7.1141642e-01
   7.1307075e-01
   7.0474560e-01
   8.0036983e-01
   7.8657693e-01
   7.0634056e-01
   0.0000000e+00
   0.0000000e+00
   0.0000000e+00
   0.0000000e+00
   0.0000000e+00
   0.0000000e+00
   5.7340936e-01
   5.4413793e-01
   5.6357541e-01
   0.0000000e+00
   5.4085576e-01
   5.9688156e-01
   5.7083140e-01
   5.1370254e-01
   5.6666700e-01
   5.2912255e-01
   6.0182610e-01
   5.3813684e-01
   6.4194990e-01
   6.7926171e-01
   6.5176356e-01
   5.7566864e-01
   5.3582383e-01
   6.3648311e-01
   5.8764128e-01
   7.6370199e-01
   9.0298901e-01
   7.2744616e-01
   7.4895519e-01
   5.0897644e-01
   6.2971910e-01
   6.4099485e-01
   6.3162678e-01
   7.6536860e-01
   7.5005518e-01
   5.5823345e-01
   5.5372979e-01
   5.1297990e-01
   6.2289766e-01
   5.9105374e-01
   6.5469472e-01
   7.3095479e-01
   5.9141137e-01
   7.6882367e-01
   8.6115840e-01
   6.0194789e-01
   5.8552498e-01
   7.6920043e-01
   7.5783988e-01
   8.2813470e-01
   8.2237049e-01
   5.8376448e-01
   0.0000000e+00
   0.0000000e+00
   0.0000000e+00
   0.0000000e+00
   7.1846611e-01
   6.4359844e-01
   6.7206698e-01
   5.0704876e-01
   6.4637045e-01
   5.5122293e-01
   5.1200852e-01
   7.1859412e-01
   5.8657279e-01
   7.4629922e-01
   7.5618397e-01
   7.0792882e-01
   7.4357338e-01
   7.7184176e-01
   6.7599095e-01
   7.1669694e-01
   6.3474309e-01
   6.7560726e-01
   6.7692205e-01
   0.0000000e+00
   7.2476902e-01
   5.5861478e-01
   5.5995681e-01
   5.5811842e-01
   6.2824907e-01
   5.6732176e-01
   5.8845521e-01
   6.0739068e-01
   6.6907109e-01
   7.3035931e-01
   6.1063076e-01
   6.4584600e-01
   6.0169860e-01
   6.5282549e-01
   7.8387826e-01
   6.6947306e-01
   6.3828835e-01
   6.6700217e-01
   6.3870026e-01
   5.2949464e-01
   6.6330073e-01
   5.4897548e-01
   6.0411251e-01
   5.7242364e-01
   6.1700417e-01
   7.7953602e-01
   5.8699350e-01
   5.3203103e-01
   5.7413749e-01
   5.6872366e-01
   6.8703012e-01
   6.1349507e-01
   5.7532890e-01
   5.7642287e-01
   5.7625083e-01
   5.4314235e-01
   5.4163386e-01
   6.2875740e-01
   6.0815879e-01
   6.1234623e-01
   5.5641941e-01
   6.4580755e-01
   6.8181854e-01
   6.5151431e-01
   5.9330265e-01
   6.1320183e-01
   5.9361900e-01
   6.3319726e-01
   5.9813256e-01
   5.7680675e-01
   6.0442974e-01
   5.8129728e-01
   6.1191719e-01
   6.1892900e-01
   6.0360352e-01
   6.2812722e-01
   7.1027799e-01
   6.0643225e-01
   5.9322394e-01
   6.0751003e-01
   5.4322512e-01
   5.8287170e-01
   5.5585421e-01
   5.6846123e-01
   5.0032836e-01
   5.0417332e-01
   5.5492760e-01
   4.5414459e-01
   5.8662441e-01
   5.1598831e-01
   5.7863113e-01
   5.8777104e-01
   5.9060422e-01
   5.5756237e-01
   6.1744264e-01
   5.4528265e-01
   6.0653912e-01
   6.0501164e-01
   6.0652842e-01
   6.0833461e-01
   5.8323913e-01
   6.3735298e-01
   5.9746655e-01
   5.6888349e-01
   6.0405644e-01
   7.1608536e-01
   7.5738952e-01
   6.5108250e-01
   6.9439058e-01
   7.1652888e-01
   8.1646159e-01
   7.1180037e-01
   6.6576254e-01
   7.1117964e-01
   7.0666970e-01
   7.4749083e-01
   7.7079858e-01
   9.0010764e-01
   8.9888935e-01
   8.2794903e-01
   6.3197711e-01
   8.0490332e-01
   9.2272395e-01
   7.6365014e-01
   4.7139334e-01
   6.5414742e-01
   6.2308326e-01
   4.6320250e-01
   4.8382101e-01
   6.0280998e-01
   7.4358175e-01
   7.2303793e-01
   6.8840938e-01
   7.6826037e-01
   7.2043143e-01
   7.0079953e-01
   7.1449724e-01
   6.9195799e-01
   6.8326809e-01
   7.1978189e-01
   6.7280238e-01
   6.4194305e-01
   7.4727594e-01
   6.7958122e-01
   7.0280018e-01
   7.6971030e-01
   8.1908932e-01
   8.2719583e-01
   8.1991074e-01
   7.1234798e-01
   7.4349264e-01
   7.0219688e-01
   7.2550064e-01
   6.2665857e-01
   7.6451184e-01
   6.5598267e-01
   6.6023256e-01
   7.2099872e-01
   6.5491151e-01
   6.8446142e-01
   6.5068142e-01
   7.2801572e-01
   7.0489183e-01
   7.4469756e-01
   6.8975792e-01
   7.2698202e-01
   8.1382681e-01
   7.0967188e-01
   7.6114862e-01
   6.9972784e-01
   7.9129239e-01
   7.9591715e-01
   8.6282742e-01
   7.2918826e-01
   7.7034915e-01
   7.9685553e-01
   8.2669556e-01
   6.0780383e-01
   6.5809221e-01
   0.0000000e+00
   0.0000000e+00
   0.0000000e+00
   0.0000000e+00
   0.0000000e+00
   0.0000000e+00
   0.0000000e+00
   0.0000000e+00
   0.0000000e+00
   0.0000000e+00
   0.0000000e+00
   0.0000000e+00
   0.0000000e+00
   0.0000000e+00
   0.0000000e+00
   6.3106186e-01
   0.0000000e+00
   0.0000000e+00
   0.0000000e+00
   6.6617996e-01
   0.0000000e+00
   0.0000000e+00
   7.1676858e-01
   7.6376514e-01
   6.3272180e-01
   7.6592062e-01
   7.2772988e-01
   7.2388182e-01
   0.0000000e+00
   6.9186082e-01
   7.4299347e-01
   6.6055556e-01
   6.2071664e-01
   5.5711098e-01
   5.4058542e-01
   5.4075139e-01
   5.6623434e-01
   0.0000000e+00
   5.8608505e-01
   5.2416398e-01
   5.3355334e-01
   0.0000000e+00
   5.4354486e-01
   0.0000000e+00
   0.0000000e+00
   5.6918801e-01
   6.8227329e-01
   5.7850401e-01
   6.5962366e-01
   6.8442171e-01
   5.5587517e-01
   5.3857649e-01
   5.3428215e-01
   5.5990346e-01
   5.0109311e-01
   6.1570232e-01
   5.0845530e-01
   5.6316909e-01
   5.5244250e-01
   5.2379204e-01
   5.2220657e-01
   5.1652714e-01
   6.5984524e-01
   5.2805755e-01
   5.8366953e-01
   5.9605825e-01
   5.1450663e-01
   5.7131830e-01
   4.9613286e-01
   5.0625231e-01
   5.9732185e-01
   5.4264201e-01
   6.6550466e-01
   6.3374860e-01
   6.3366782e-01
   6.7665901e-01
   7.0038190e-01
   6.6692808e-01
   6.2233560e-01
   7.1495539e-01
   7.0233119e-01
   6.9627880e-01
   7.0413616e-01
   6.9121455e-01
   6.2117447e-01
   6.3281943e-01
   5.8296008e-01
   6.3666559e-01
   5.8139531e-01
   5.2444604e-01
   5.4673356e-01
   5.1959389e-01
   5.0607689e-01
   4.8219271e-01
   6.8703705e-01
   6.5310631e-01
   6.0749582e-01
   5.8062395e-01
   5.9975759e-01
   5.9354121e-01
   6.8252061e-01
   6.2746250e-01
   6.9047817e-01
   6.0079671e-01
   8.7757794e-01
   8.6278933e-01
   8.8013985e-01
   9.2978443e-01
   7.7123592e-01
   8.6912347e-01
   7.4567555e-01
   6.7975151e-01
   6.1436628e-01
   8.5988002e-01
   7.5709215e-01
   6.0071095e-01
   6.1280679e-01
   5.5622810e-01
   5.0061109e-01
   5.1337788e-01
   6.1870528e-01
   6.1751545e-01
   5.9047360e-01
   6.3516289e-01
   6.2809859e-01
   5.8855509e-01
   5.8453953e-01
   5.9675021e-01
   5.9199962e-01
   5.9023869e-01
   6.3296631e-01
   6.7939346e-01
   6.6907795e-01
   6.6267116e-01
   6.6430446e-01
   7.4080583e-01
   8.2105233e-01
   7.4836397e-01
   7.6643776e-01
   8.5416842e-01
   8.4597751e-01
   7.2353348e-01
   5.6449997e-01
   5.8442749e-01
   5.7617217e-01
   5.9475065e-01
   5.8194012e-01
   6.1276134e-01
   6.1863859e-01
   5.0698855e-01
   5.3662298e-01
   5.3504910e-01
   5.6124618e-01
   5.9437393e-01
   6.0259000e-01
   6.0599288e-01
   5.8967140e-01
   5.5617751e-01
   5.9335578e-01
   6.6276017e-01
   5.2638181e-01
   5.8775543e-01
   6.2816547e-01
   7.0116791e-01
   7.1609361e-01
   7.2326960e-01
   7.3181730e-01
   7.7118657e-01
   5.2989730e-01
   6.3927289e-01
   5.8703865e-01
   5.5406503e-01
   5.5883299e-01
   8.5721817e-01
   8.3550368e-01
   7.5834704e-01
   7.6410143e-01
   8.7921619e-01
   8.6249724e-01
   8.0845481e-01
   5.8855330e-01
   5.6058502e-01
   6.7593393e-01
   7.5123509e-01
   7.3577855e-01
   5.5584343e-01
   7.2489734e-01
   5.8497405e-01
   5.4316742e-01
   5.8478722e-01
   8.1228040e-01
   6.9959981e-01
   7.7294895e-01
   7.6521366e-01
   8.4184066e-01
   7.9547536e-01
   7.7047611e-01
   7.4518150e-01
   7.2497039e-01
   8.6414628e-01
   6.8411963e-01
   7.1093705e-01
   7.0660620e-01
   8.1921884e-01
   6.7672461e-01
   7.0610542e-01
   7.1599974e-01
   6.4216250e-01
   6.5566111e-01
   6.3692429e-01
   5.6514838e-01
   5.4897901e-01
   0.0000000e+00
   7.8245607e-01
   0.0000000e+00
   0.0000000e+00
   0.0000000e+00
   0.0000000e+00
   0.0000000e+00
   0.0000000e+00
   0.0000000e+00
   0.0000000e+00
   0.0000000e+00
   0.0000000e+00
   6.1154429e-01
   0.0000000e+00
   0.0000000e+00
   7.1102387e-01
   0.0000000e+00
   0.0000000e+00
   6.5150501e-01
   6.7681937e-01
   6.2222225e-01
   6.1896307e-01
   6.5617713e-01
   6.7070079e-01
   7.3874469e-01
   7.2438982e-01
   5.3590448e-01
   5.4076754e-01
   5.5884302e-01
   5.6782916e-01
   5.4708966e-01
   6.2689968e-01
   5.9125231e-01
   6.6400762e-01
   6.2714378e-01
   5.2507361e-01
   5.3869701e-01
   5.3124142e-01
   4.8826859e-01
   5.3868444e-01
   4.8271745e-01
   5.0163825e-01
   5.0393542e-01
   5.6780665e-01
   6.3305081e-01
   5.7158120e-01
   6.8963470e-01
   7.4125999e-01
   5.8423532e-01
   6.0408833e-01
   5.8204277e-01
   6.0456848e-01
   6.2604777e-01
   8.4278485e-01
   6.6676424e-01
   8.4757583e-01
   9.6556009e-01
   9.5256425e-01
   6.5006357e-01
   7.8872173e-01
   6.1336942e-01
   6.2116711e-01
   6.1573772e-01
   6.8601635e-01
   7.5766786e-01
   7.4569592e-01
   7.0577095e-01
   7.6638299e-01
   7.7098188e-01
   6.9944305e-01
   7.9337416e-01
   7.5049811e-01
   7.8224935e-01
   7.4524329e-01
   6.2308284e-01
   5.9915094e-01
   7.3667282e-01
   6.1840138e-01
   6.2866197e-01
   6.8998120e-01
   7.2491520e-01
   7.0897313e-01
   6.7986513e-01
   6.3056411e-01
   7.3636267e-01
   6.4496430e-01
   6.0845261e-01
   6.7111654e-01
   6.6676387e-01
   6.4327444e-01
   7.0758243e-01
   6.4057499e-01
   6.3192312e-01
   6.3677123e-01
   5.8571535e-01
   6.7796146e-01
   6.8468520e-01
   6.8270058e-01
   0.0000000e+00
   7.1920560e-01
   0.0000000e+00
   0.0000000e+00
   6.4175280e-01
   6.5413752e-01
   6.4894779e-01
   6.4624988e-01
   6.9745320e-01
   6.7793440e-01
   6.6933082e-01
   6.6108075e-01
   5.8442031e-01
   5.4857619e-01
   5.5088268e-01
   5.5805747e-01
   5.6466604e-01
   5.4903919e-01
   5.4496814e-01
   5.5980580e-01
   5.7052847e-01
   6.2348437e-01
   6.0986059e-01
   5.7224342e-01
   5.6329970e-01
   5.6574629e-01
   5.7602207e-01
   5.8560036e-01
   5.6059812e-01
   5.8613971e-01
   5.8138915e-01
   6.0639851e-01
   5.9342947e-01
   5.8557852e-01
   5.7153266e-01
   6.4927887e-01
   6.7121836e-01
   5.7500332e-01
   6.2528021e-01
   7.1333422e-01
   7.1469900e-01
   7.5156181e-01
   5.9923382e-01
   6.0194081e-01
   5.6977327e-01
   6.2160571e-01
   6.3678728e-01
   6.2561404e-01
   6.3855204e-01
   6.8016861e-01
   6.3932290e-01
   6.2747205e-01
   6.7533189e-01
   6.4903775e-01
   7.3588165e-01
   7.6958886e-01
   7.2847332e-01
   7.3028369e-01
   7.5655052e-01
   7.0311892e-01
   6.6577102e-01
   6.5596962e-01
   6.4630752e-01
   6.5794236e-01
   6.5948006e-01
   6.3004372e-01
   6.3449433e-01
   6.8285494e-01
   6.4318359e-01
   6.4726380e-01
   6.5911584e-01
   6.5903315e-01
   6.5907023e-01
   7.1812603e-01
   5.4126269e-01
   5.8564408e-01
   5.9547802e-01
   5.4352996e-01
   5.8334897e-01
   5.6838463e-01
   5.5205365e-01
   5.8181186e-01
   5.8510976e-01
   5.7764987e-01
   5.4486330e-01
   5.7613280e-01
   5.3429512e-01
   5.6606710e-01
   6.3611919e-01
   6.1576005e-01
   5.5464865e-01
   6.5288493e-01
   6.3525930e-01
   6.1771196e-01
   7.6229602e-01
   7.3818305e-01
   5.7579478e-01
   6.4967742e-01
   7.2844860e-01
   6.4371696e-01
   7.2041038e-01
   5.3605465e-01
   5.5278717e-01
   6.1519870e-01
   5.6209803e-01
   5.2882803e-01
   5.6242954e-01
   5.3270225e-01
   5.6176524e-01
   6.1034159e-01
   5.3611459e-01
   5.4251987e-01
   5.6421599e-01
   6.2428975e-01
   6.8602189e-01
   5.8068724e-01
   5.7096665e-01
   6.1978770e-01
   6.0576297e-01
   6.6987250e-01
   6.4572254e-01
   6.1907206e-01
   5.6284150e-01
   5.4231178e-01
   5.6786558e-01
   5.7464163e-01
   5.8645601e-01
   5.2164255e-01
   5.5760119e-01
   5.2975918e-01
   5.8042333e-01
   5.6307838e-01
   6.0222472e-01
   5.9354694e-01
   6.0115889e-01
   5.7541476e-01
   5.8165176e-01
   5.9644523e-01
   5.5485347e-01
   5.4060701e-01
   5.5841194e-01
   5.8908455e-01
   6.0928301e-01
   5.5858595e-01
   6.0018702e-01
   6.1611589e-01
   6.2345667e-01
   5.9509188e-01
   5.9239515e-01
   5.8449498e-01
   6.1789736e-01
   5.6777039e-01
   5.6889905e-01
   5.9671532e-01
   5.8056688e-01
   6.5412534e-01
   6.2756963e-01
   6.4013060e-01
   6.2058658e-01
   6.6763100e-01
   6.2611973e-01
   6.4620977e-01
   6.8777580e-01
   6.4931187e-01
   6.2273486e-01
   5.9230938e-01
   6.4583284e-01
   6.3695832e-01
   6.3387750e-01
   5.8086121e-01
   6.0142791e-01
   6.4310317e-01
   5.9854230e-01
   5.7109606e-01
   6.0377384e-01
   5.9454865e-01
   6.6329528e-01
   6.1751585e-01
   6.2226894e-01
   6.7338879e-01
   6.3235712e-01
   6.2618640e-01
   6.3478886e-01
   5.8847943e-01
   6.0287454e-01
   5.6577616e-01
   5.5743212e-01
   5.8926191e-01
   6.2876761e-01
   6.1159960e-01
   6.0614915e-01
   6.0740797e-01
   5.9756461e-01
   5.9133942e-01
   5.7603133e-01
   6.2096366e-01
   5.9953871e-01
   5.9336475e-01
   6.1739270e-01
   6.4431494e-01
   6.2429757e-01
   6.1584022e-01
   6.1735097e-01
   5.8168237e-01
   5.9972219e-01
   6.1598774e-01
   5.9007877e-01
   5.9966649e-01
   6.3566140e-01
   6.1830883e-01
   5.9517820e-01
   5.9128647e-01
   6.0812911e-01
   6.2445629e-01
   6.3190031e-01
   6.2475140e-01
   6.4899711e-01
   6.6773613e-01
   6.8966660e-01
   7.5341058e-01
   6.0119206e-01
   6.2663919e-01
   6.1203267e-01
   5.8937349e-01
   5.8777088e-01
   5.8650790e-01
   5.7927439e-01
   6.3403905e-01
   5.8890178e-01
   5.8129905e-01
   6.1632561e-01
   5.4947871e-01
   6.0142110e-01
   5.6213469e-01
   5.2725339e-01
   5.4234369e-01
   5.8157309e-01
   5.4549203e-01
   5.8258409e-01
   5.6837876e-01
   5.6024501e-01
   5.4421895e-01
   5.6130336e-01
   5.6049706e-01
   5.6310053e-01
   5.6753356e-01
   5.3020748e-01
   5.2520600e-01
   5.4594828e-01
   4.6332170e-01
   4.6770344e-01
   4.9531964e-01
   5.3251429e-01
   5.5273053e-01
   5.6441631e-01
   4.3917389e-01
   4.7024191e-01
   4.6590929e-01
   5.1517545e-01
   5.8979762e-01
   5.0911321e-01
   5.3584487e-01
   5.8679294e-01
   5.6715746e-01
   5.6278349e-01
   5.6924310e-01
   5.0623606e-01
   5.5768063e-01
   5.7064792e-01
   5.8438548e-01
   5.8597113e-01
   5.7852251e-01
   6.0611244e-01
   5.8435306e-01
   5.6388653e-01
   5.5296357e-01
   5.7817300e-01
   5.8791781e-01
   5.3582681e-01
   5.6055808e-01
   5.9101558e-01
   6.0999262e-01
   6.1755228e-01
   5.3456767e-01
   5.2660657e-01
   5.2579868e-01
   5.4576094e-01
   5.6148509e-01
   5.7032848e-01
   6.0656786e-01
   5.3988950e-01
   5.7289540e-01
   5.7454496e-01
   6.0515319e-01
   6.1099699e-01
   5.8486174e-01
   5.7740198e-01
   5.7498649e-01
   6.3508929e-01
   6.2403652e-01
   6.4333878e-01
   6.0973271e-01
   6.0282116e-01
   5.9724611e-01
   5.9081180e-01
   5.8943181e-01
   6.0210280e-01
   6.0926959e-01
   6.3095978e-01
   6.3925650e-01
   6.0002941e-01
   6.3501549e-01
   5.9047441e-01
   6.2013510e-01
   6.3535460e-01
   6.5616097e-01
   5.8479096e-01
   6.0575240e-01
   6.2743327e-01
   6.1899148e-01
   5.8370527e-01
   5.9073473e-01
   5.7530942e-01
   6.0185324e-01
   5.7642609e-01
   6.2092260e-01
   6.4639602e-01
   6.5387392e-01
   6.6417094e-01
   6.2410963e-01
   7.2731804e-01
   6.9551555e-01
   7.2748346e-01
   7.2612032e-01
   8.3808122e-01
   7.3679373e-01
   6.4692272e-01
   7.0240764e-01
   6.1720734e-01
   6.7338227e-01
   7.2738712e-01
   6.6870856e-01
   7.5288790e-01
   7.0157406e-01
   6.4937224e-01
   6.3536598e-01
   7.6976870e-01
   7.1087529e-01
   7.0060505e-01
   8.5300465e-01
   7.8046182e-01
   7.3389574e-01
   6.7078848e-01
   6.8515564e-01
   6.7995864e-01
   7.5005349e-01
   7.5522996e-01
   7.8146294e-01
   7.3654283e-01
   7.0431119e-01
   7.2497421e-01
   7.5011598e-01
   7.6705053e-01
   7.6301573e-01
   7.4345987e-01
   7.6266287e-01
   7.6098815e-01
   7.5898856e-01
   7.9375136e-01
   8.3969188e-01
   8.4637067e-01
   8.6666498e-01
   8.7277807e-01
   8.9402175e-01
   8.6947034e-01
   8.5746223e-01
   6.7619089e-01
   6.0316488e-01
   8.0338443e-01
   7.3104858e-01
   7.4345952e-01
   8.3049453e-01
   7.2190849e-01
   7.5906403e-01
   8.6574706e-01
   6.8848492e-01
   6.9093545e-01
   7.6805265e-01
   9.0132943e-01
   8.4012451e-01
   8.9530389e-01
   8.9680619e-01
   8.8553585e-01
   8.5061899e-01
   7.3149804e-01
   8.9226784e-01
   8.6661451e-01
   7.8255840e-01
   5.1931750e-01
   6.2258181e-01
   5.6129563e-01
   4.8411999e-01
   4.6262348e-01
   6.7326181e-01
   6.5078688e-01
   7.0879117e-01
   7.0073420e-01
   6.2489535e-01
   6.1518320e-01
   5.9284752e-01
   4.5101942e-01
   4.4378353e-01
   5.5931479e-01
   5.2543618e-01
   5.1474014e-01
   4.4335910e-01
   5.2108148e-01
   4.6861113e-01
   4.6521384e-01
   5.3078022e-01
   5.7573583e-01
   6.1715123e-01
   5.9080447e-01
   5.7053296e-01
   5.9887469e-01
   7.1945854e-01
   6.6144579e-01
   7.7381063e-01
   7.7714672e-01
   7.5153221e-01
   7.3804874e-01
   7.5941093e-01
   6.3098923e-01
   6.2367837e-01
   6.3599100e-01
   7.1703275e-01
   7.6873569e-01
   6.9052177e-01
   7.7717553e-01
   7.7316868e-01
   7.5959002e-01
   7.3092277e-01
   7.6764247e-01
   7.1887978e-01
   6.7435723e-01
   7.5507575e-01
   7.3590555e-01
   6.9739402e-01
   6.7038869e-01
   6.9474639e-01
   6.8802959e-01
   7.1222121e-01
   7.1194926e-01
   7.0455432e-01
   6.9295706e-01
   6.7888156e-01
   7.1823114e-01
   6.8006196e-01
   6.8980942e-01
   6.9416954e-01
   7.1454283e-01
   6.6328801e-01
   6.6857555e-01
   7.1934895e-01
   7.0078537e-01
   6.9794274e-01
   7.4012965e-01
   7.1960639e-01
   7.0730163e-01
   7.1900336e-01
   7.0108660e-01
   6.9696229e-01
   6.7069380e-01
   6.8636053e-01
   7.4637208e-01
   7.0680080e-01
   6.8601515e-01
   6.9913813e-01
   6.8327767e-01
   7.0295651e-01
   6.8099935e-01
   6.8705572e-01
   6.7475393e-01
   7.0288959e-01
   6.9976266e-01
   7.2866718e-01
   7.4705640e-01
   6.9660676e-01
   7.2100534e-01
   7.4856712e-01
   7.9833989e-01
   8.0061146e-01
   8.0874839e-01
   8.4411237e-01
   8.1116720e-01
   7.9641013e-01
   7.8346959e-01
   7.8485624e-01
   7.9567031e-01
   8.2214734e-01
   8.1367480e-01
   8.0748826e-01
   8.0581205e-01
   7.5828584e-01
   8.3200345e-01
   7.9992531e-01
   7.6032316e-01
   7.0886289e-01
   7.6593801e-01
   7.0939573e-01
   7.1450899e-01
   7.3852680e-01
   6.8642588e-01
   7.1636491e-01
   6.9870487e-01
   6.9060210e-01
   7.3992527e-01
   7.3925533e-01
   7.0834588e-01
   6.3461027e-01
   6.6906980e-01
   6.5466947e-01
   6.4149496e-01
   7.0129449e-01
   6.7383469e-01
   7.0393595e-01
   7.3099982e-01
   6.9930364e-01
   6.6133697e-01
   6.9889069e-01
   6.7007628e-01
   6.5124534e-01
   6.8398156e-01
   7.0281681e-01
   7.0561741e-01
   6.8566799e-01
   7.3312711e-01
   7.5156855e-01
   6.7975611e-01
   6.6650842e-01
   6.9515658e-01
   6.6638941e-01
   6.8911707e-01
   6.7090217e-01
   6.5759121e-01
   6.7260054e-01
   6.5951813e-01
   7.2959821e-01
   7.0963506e-01
   7.5588232e-01
   7.3967812e-01
   7.2898377e-01
   7.2429749e-01
   7.3253557e-01
   7.1759966e-01
   7.1335491e-01
   6.9045040e-01
   7.1640256e-01
   7.3589181e-01
   7.2953475e-01
   6.9317366e-01
   7.4652745e-01
   7.7813399e-01
   7.1583568e-01
   6.9841293e-01
   7.5772175e-01
   7.6235419e-01
   7.9464637e-01
   7.5781127e-01
   7.8154215e-01
   6.8425568e-01
   7.2887725e-01
   7.6035293e-01
   7.6610146e-01
   7.7951200e-01
   7.5938131e-01
   7.4012539e-01
   7.0155409e-01
   6.6495603e-01
   6.8892602e-01
   7.7745670e-01
   7.8671936e-01
   7.4238888e-01
   7.4090365e-01
   7.7534184e-01
   8.0349247e-01
   7.6850389e-01
   7.7267523e-01
   8.1110926e-01
   7.9496448e-01
   7.8805831e-01
   8.0638897e-01
   7.9564338e-01
   8.2519846e-01
   8.3675706e-01
   7.7206403e-01
   7.9334310e-01
   7.7084265e-01
   7.6481168e-01
   7.4396846e-01
   7.2678962e-01
   7.7223388e-01
   8.5090298e-01
   8.0743542e-01
   8.2434588e-01
   8.0708186e-01
   8.2883210e-01
   7.8585584e-01
   8.2486957e-01
   8.1503178e-01
   7.8398914e-01
   7.8202651e-01
   6.2576285e-01
   6.5982317e-01
   6.6245462e-01
   6.7521146e-01
   6.3312811e-01
   6.7263209e-01
   6.6205792e-01
   4.0000000e-01
   0.0000000e+00
   4.0000000e-01
   0.0000000e+00
   0.0000000e+00
   0.0000000e+00
   0.0000000e+00
   0.0000000e+00
   0.0000000e+00
   6.7540209e-01
   6.8774334e-01
   7.1294802e-01
   0.0000000e+00
   0.0000000e+00
   6.5480344e-01
   0.0000000e+00
   0.0000000e+00
   6.3967737e-01
   6.5490541e-01
   0.0000000e+00
   0.0000000e+00
   0.0000000e+00
   0.0000000e+00
   0.0000000e+00
   0.0000000e+00
   0.0000000e+00
   0.0000000e+00
   0.0000000e+00
   0.0000000e+00
   0.0000000e+00
   0.0000000e+00
   0.0000000e+00
   0.0000000e+00
   0.0000000e+00
   0.0000000e+00
   0.0000000e+00
   0.0000000e+00
   0.0000000e+00
   0.0000000e+00
   0.0000000e+00
   0.0000000e+00
   0.0000000e+00
   0.0000000e+00
   0.0000000e+00
   0.0000000e+00
   0.0000000e+00
   0.0000000e+00
   0.0000000e+00
   0.0000000e+00
   0.0000000e+00
   6.6683154e-01
   0.0000000e+00
   0.0000000e+00
   0.0000000e+00
   0.0000000e+00
   0.0000000e+00
   0.0000000e+00
   0.0000000e+00
   0.0000000e+00
   0.0000000e+00
   0.0000000e+00
   0.0000000e+00
   0.0000000e+00
   0.0000000e+00
   0.0000000e+00
   0.0000000e+00
   0.0000000e+00
   0.0000000e+00
   0.0000000e+00
   0.0000000e+00
   0.0000000e+00
   6.3513223e-01
   0.0000000e+00
   6.2959870e-01
   6.3973705e-01
   6.9620271e-01
   0.0000000e+00
   0.0000000e+00
   0.0000000e+00
   0.0000000e+00
   0.0000000e+00
   0.0000000e+00
   0.0000000e+00
   6.6806268e-01
   7.2447655e-01
   6.9866514e-01
   7.2422876e-01
   0.0000000e+00
   7.3521171e-01
   0.0000000e+00
   7.2396486e-01
   7.1433333e-01
   7.6113513e-01
   5.7168410e-01
   5.7865309e-01
   5.7482255e-01
   6.0616653e-01
   6.7014643e-01
   6.5518931e-01
   6.0437291e-01
   7.1408799e-01
   6.7747422e-01
   7.6566705e-01
   6.3513369e-01
   7.0197940e-01
   7.0197207e-01
   7.0880902e-01
   6.6595730e-01
   7.2828610e-01
   6.5082350e-01
   4.0000000e-01
   5.8378018e-01
   6.4037965e-01
   0.0000000e+00
   0.0000000e+00
   6.9493442e-01
   6.9964635e-01
   7.3093700e-01
   7.1307674e-01
   7.1618301e-01
   6.1563982e-01
   6.2001685e-01
   7.1116659e-01
   7.1831273e-01
   7.3825675e-01
   7.0865592e-01
   6.1942221e-01
   5.9454318e-01
   5.8137570e-01
   6.1485658e-01
   5.6989017e-01
   6.5859053e-01
   5.8566767e-01
   5.5741931e-01
   5.4227588e-01
   5.5531631e-01
   5.3298878e-01
   5.3851422e-01
   5.4054888e-01
   5.4013539e-01
   5.2754248e-01
   0.0000000e+00
   0.0000000e+00
   5.5863558e-01
   4.0000000e-01
   4.0000000e-01
   4.0000000e-01
   0.0000000e+00
   6.1070215e-01
   5.4705804e-01
   7.5597400e-01
   6.3338171e-01
   5.8828900e-01
   5.6260128e-01
   5.2340327e-01
   5.5244874e-01
   5.6200216e-01
   5.4900859e-01
   5.1995248e-01
   5.4489838e-01
   5.4821682e-01
   5.1926490e-01
   5.1573770e-01
   0.0000000e+00
   0.0000000e+00
   0.0000000e+00
   0.0000000e+00
   0.0000000e+00
   5.4470022e-01
   0.0000000e+00
   5.4695498e-01
   5.1550277e-01
   5.3219334e-01
   5.3538185e-01
   5.5000577e-01
   0.0000000e+00
   0.0000000e+00
   0.0000000e+00
   0.0000000e+00
   0.0000000e+00
   0.0000000e+00
   5.5623036e-01
   0.0000000e+00
   0.0000000e+00
   5.7915288e-01
   7.6000222e-01
   6.6723331e-01
   6.5615123e-01
   5.9693677e-01
   6.3570774e-01
   6.0495162e-01
   5.5590355e-01
   6.1027153e-01
   5.9183854e-01
   5.7573770e-01
   6.8358285e-01
   6.1338456e-01
   6.6739304e-01
   5.9782425e-01
   6.4679113e-01
   5.5354080e-01
   5.4490249e-01
   5.4131923e-01
   5.6536785e-01
   5.2905991e-01
   5.2155666e-01
   5.4033546e-01
   5.2983063e-01
   5.3427995e-01
   5.5071979e-01
   5.5491624e-01
   5.8956852e-01
   5.8550628e-01
   5.8012618e-01
   5.2743305e-01
   5.1851626e-01
   5.1479925e-01
   5.3907005e-01
   5.1000789e-01
   5.5845197e-01
   4.9564362e-01
   5.1769022e-01
   5.1795799e-01
   5.0697975e-01
   5.7414757e-01
   5.3989456e-01
   5.7971325e-01
   5.5938095e-01
   5.7560064e-01
   5.1441932e-01
   4.8814246e-01
   5.2310491e-01
   5.7966440e-01
   5.4779359e-01
   5.1011189e-01
   5.2035193e-01
   5.3171043e-01
   5.3984345e-01
   5.2347195e-01
   5.1944475e-01
   5.1089850e-01
   5.2031814e-01
   5.3441852e-01
   6.2988677e-01
   5.4702156e-01
   5.6637956e-01
   6.3420547e-01
   6.1108636e-01
   6.5839734e-01
   7.0663998e-01
   5.9694576e-01
   5.8682915e-01
   5.6441420e-01
   6.0978035e-01
   6.1995833e-01
   6.3758332e-01
   5.8246952e-01
   5.8945942e-01
   5.4747893e-01
   5.5060697e-01
   5.5561746e-01
   5.0863901e-01
   4.9343449e-01
   5.2094973e-01
   6.2432851e-01
   5.4324370e-01
   5.2264889e-01
   5.2303736e-01
   4.9976500e-01
   5.3051956e-01
   4.9654806e-01
   4.8903095e-01
   4.9978263e-01
   5.1504607e-01
   5.2082829e-01
   5.9724420e-01
   5.4111448e-01
   5.8813613e-01
   5.3363635e-01
   5.0634461e-01
   5.6403575e-01
   4.9965032e-01
   5.6248733e-01
   5.6709782e-01
   5.7183680e-01
   7.3201214e-01
   6.6768822e-01
   6.9576983e-01
   7.1357974e-01
   6.4560387e-01
   6.4495897e-01
   6.6263580e-01
   6.1954315e-01
   6.3724313e-01
   6.3214532e-01
   6.1544385e-01
   6.4033157e-01
   6.5983439e-01
   6.2808269e-01
   6.4200109e-01
   6.6731796e-01
   6.6447910e-01
   6.6216221e-01
   6.7718662e-01
   6.8516324e-01
   6.9593483e-01
   6.6964037e-01
   6.3163080e-01
   6.1320546e-01
   6.4988652e-01
   6.5568034e-01
   6.4713409e-01
   6.7241814e-01
   6.3589413e-01
   6.7672611e-01
   6.6562553e-01
   7.0047959e-01
   6.9689230e-01
   7.1373223e-01
   7.1625431e-01
   7.1718539e-01
   6.8454251e-01
   6.7120307e-01
   6.8671281e-01
   7.0952151e-01
   7.0074957e-01
   6.7341526e-01
   6.5578260e-01
   6.7068987e-01
   6.9560198e-01
   7.1610115e-01
   7.3663007e-01
   7.0142607e-01
   6.7148079e-01
   6.1836253e-01
   6.6437785e-01
   6.6681206e-01
   6.3566665e-01
   6.2038541e-01
   6.0139865e-01
   6.1004760e-01
   6.1237054e-01
   6.3066066e-01
   6.2190231e-01
   6.0514186e-01
   6.3896802e-01
   6.2418333e-01
   6.2942864e-01
   6.0611521e-01
   6.2521066e-01
   6.4030847e-01
   5.7909036e-01
   6.6828175e-01
   6.7235315e-01
   6.2065236e-01
   5.8981380e-01
   5.5091555e-01
   5.6263711e-01
   5.4307159e-01
   5.1579436e-01
   5.3033153e-01
   5.3272169e-01
   6.2545709e-01
   5.4251016e-01
   5.2504303e-01
   5.5415649e-01
   5.2900365e-01
   5.1898985e-01
   5.0097756e-01
   5.2579694e-01
   5.2393486e-01
   5.2444678e-01
   5.0827159e-01
   4.9582227e-01
   4.9411479e-01
   5.0715762e-01
   5.0598324e-01
   6.8385868e-01
   7.0168696e-01
   6.7232224e-01
   6.6075102e-01
   6.9088831e-01
   6.9007667e-01
   6.5118301e-01
   6.1856411e-01
   6.0904974e-01
   6.3243378e-01
   6.0651328e-01
   5.8944429e-01
   5.9272834e-01
   5.8328534e-01
   5.7919469e-01
   5.9033568e-01
   6.2564521e-01
   6.2199775e-01
   6.1790099e-01
   6.0942435e-01
   5.8153777e-01
   6.3426453e-01
   6.0691586e-01
   6.0972010e-01
   7.0388960e-01
   7.0830562e-01
   6.0353111e-01
   5.9313356e-01
   5.9750807e-01
   6.7348009e-01
   7.1884880e-01
   6.2321688e-01
   6.0450368e-01
   7.0013122e-01
   6.2845005e-01
   8.3006292e-01
   8.8028299e-01
   8.1230483e-01
   8.1069683e-01
   8.3105654e-01
   8.6827037e-01
   9.0804871e-01
   9.1859608e-01
   9.5116234e-01
   8.1602661e-01
   8.4017217e-01
   8.0112918e-01
   9.0957816e-01
   9.4055868e-01
   9.1535004e-01
   8.7601269e-01
   8.4746856e-01
   8.8331660e-01
   7.9813189e-01
   7.0125660e-01
   7.5020774e-01
   6.9718610e-01
   6.8948155e-01
   6.3020113e-01
   6.8668193e-01
   7.1467149e-01
   7.8434192e-01
   7.0517331e-01
   5.8266286e-01
   5.9806997e-01
   5.9739063e-01
   6.0047908e-01
   6.4856775e-01
   8.0380820e-01
   8.5214214e-01
   6.6592765e-01
   7.0396949e-01
   8.0696600e-01
   8.6043264e-01
   7.6633363e-01
   8.7799894e-01
   8.0391130e-01
   7.4478431e-01
   6.2975295e-01
   6.9275032e-01
   6.8836430e-01
   6.0262231e-01
   5.5238640e-01
   6.2468151e-01
   6.4568201e-01
   6.8380247e-01
   6.6290884e-01
   5.6329640e-01
   5.4065655e-01
   5.1329586e-01
   5.3369162e-01
   4.9968924e-01
   5.6207424e-01
   5.1712967e-01
   5.0929276e-01
   4.7564490e-01
   5.0369656e-01
   4.8775433e-01
   4.8699809e-01
   5.2645710e-01
   6.3492347e-01
   5.7979644e-01
   6.0228395e-01
   6.4816628e-01
   6.4286468e-01
   6.0090051e-01
   5.6917317e-01
   5.8613491e-01
   5.9445557e-01
   6.0028997e-01
   6.3292347e-01
   6.1720244e-01
   6.2561577e-01
   6.3713078e-01
   5.9315520e-01
   6.1630747e-01
   6.2920603e-01
   6.2804194e-01
   6.3792880e-01
   6.3988536e-01
   6.1296399e-01
   6.0614068e-01
   5.7457313e-01
   5.8045876e-01
   5.7374962e-01
   5.8588619e-01
   5.8737711e-01
   6.0628995e-01
   6.0330285e-01
   5.8080402e-01
   5.5748520e-01
   6.1013919e-01
   5.9129085e-01
   6.0967173e-01
   6.1125960e-01
   6.1755210e-01
   5.8635006e-01
   6.1379601e-01
   5.7875283e-01
   5.8599835e-01
   6.1351764e-01
   6.2565015e-01
   6.5448356e-01
   6.2573583e-01
   6.1452661e-01
   6.4659206e-01
   6.4902110e-01
   6.8940897e-01
   6.3624657e-01
   6.0293526e-01
   6.3531031e-01
   6.4135706e-01
   6.7731371e-01
   7.1396760e-01
   7.1712545e-01
   6.3228072e-01
   6.3701429e-01
   5.8398084e-01
   6.0873587e-01
   6.4145163e-01
   7.1545323e-01
   7.6294719e-01
   6.6661174e-01
   6.8537587e-01
   6.6225505e-01
   7.8729494e-01
   8.0578600e-01
   7.1234900e-01
   7.5614375e-01
   7.7320659e-01
   6.3883898e-01
   7.7217452e-01
   6.9268657e-01
   6.7636438e-01
   7.4105777e-01
   8.5327297e-01
   8.4523710e-01
   7.4990484e-01
   8.0721604e-01
   8.2646748e-01
   7.7086148e-01
   8.1518566e-01
   8.1683143e-01
   8.1382131e-01
   8.2670394e-01
   8.4515903e-01
   7.9717548e-01
   8.5313877e-01
   7.3477836e-01
   7.8093719e-01
   7.9290513e-01
   7.4359112e-01
   5.8265801e-01
   5.9591536e-01
   5.4641596e-01
   5.7258579e-01
   5.9068640e-01
   5.8287966e-01
   6.3291504e-01
   5.6730429e-01
   5.7559556e-01
   5.8119228e-01
   5.7752022e-01
   5.7716899e-01
   5.9441771e-01
   5.8186258e-01
   5.6152578e-01
   5.7952531e-01
   6.0563742e-01
   6.4231240e-01
   5.8128498e-01
   5.8080872e-01
   5.8383463e-01
   6.3363375e-01
   5.8102448e-01
   6.1896862e-01
   6.4676428e-01
   6.4507890e-01
   5.2297741e-01
   5.1930018e-01
   5.3847142e-01
   5.1227577e-01
   5.2918625e-01
   5.0810200e-01
   5.2436332e-01
   5.7368688e-01
   5.4689325e-01
   5.4675001e-01
   5.8651239e-01
   5.7514858e-01
   5.8298991e-01
   6.0408919e-01
   5.8976302e-01
   6.0290908e-01
   6.4835525e-01
   6.3917239e-01
   6.1803668e-01
   6.0652703e-01
   5.9515689e-01
   6.2562419e-01
   5.9084560e-01
   5.5376090e-01
   5.8731523e-01
   5.6989692e-01
   5.6336815e-01
   5.7246271e-01
   6.4867462e-01
   6.1003648e-01
   6.3087017e-01
   6.6490156e-01
   5.5118070e-01
   5.9050517e-01
   6.2054843e-01
   6.2129647e-01
   6.6050252e-01
   5.4113880e-01
   5.3482717e-01
   5.5523500e-01
   5.4268501e-01
   5.4499519e-01
   5.9106751e-01
   6.0812717e-01
   5.7240512e-01
   5.8935541e-01
   6.0000311e-01
   5.8615699e-01
   6.1637520e-01
   5.6840023e-01
   6.0320526e-01
   6.2129566e-01
   7.0186014e-01
   6.6021428e-01
   6.7404124e-01
   6.9167319e-01
   7.1402698e-01
   6.9028926e-01
   6.6887501e-01
   6.9674648e-01
   7.0705098e-01
   7.0739782e-01
   7.2446686e-01
   7.2039740e-01
   7.5603733e-01
   7.2461970e-01
   7.0676580e-01
   7.4112545e-01
   7.4811888e-01
   7.1136400e-01
   7.6525664e-01
   7.4437507e-01
   7.2626975e-01
   7.4246542e-01
   5.3387504e-01
   5.4505548e-01
   5.2008796e-01
   5.2863636e-01
   5.5481462e-01
   5.9631972e-01
   5.8918227e-01
   7.1955209e-01
   6.4001307e-01
   5.9277118e-01
   6.1009792e-01
   5.7542743e-01
   5.4533972e-01
   5.8056755e-01
   5.7571172e-01
   5.5280427e-01
   5.5327661e-01
   5.6660108e-01
   5.5709659e-01
   5.5493903e-01
   5.6309896e-01
   5.4460816e-01
   8.7857279e-01
   8.2458521e-01
   8.6363405e-01
   8.7181961e-01
   8.5160862e-01
   8.4103637e-01
   8.5022359e-01
   7.3045365e-01
   8.2078198e-01
   7.3021093e-01
   7.1833841e-01
   7.5379168e-01
   7.8035351e-01
   7.7172843e-01
   8.4698619e-01
   8.5558008e-01
   8.3402157e-01
   8.1333009e-01
   8.0375275e-01
   8.6627139e-01
   8.2435273e-01
   7.5692135e-01
   8.8098860e-01
   9.0746306e-01
   8.4991881e-01
   7.9436825e-01
   5.6895000e-01
   5.3784327e-01
   5.7695236e-01
   5.5509110e-01
   5.6161150e-01
   5.9233094e-01
   5.6721894e-01
   6.6327741e-01
   6.2675798e-01
   7.3463633e-01
   7.5586932e-01
   8.0551259e-01
   6.7242475e-01
   6.7058610e-01
   6.4438680e-01
   7.0602135e-01
   8.2723667e-01
   7.4132684e-01
   6.6435907e-01
   8.1877355e-01
   7.8577676e-01
   7.9875630e-01
   5.5001299e-01
   5.4927873e-01
   5.7135332e-01
   5.5894920e-01
   5.4759334e-01
   6.5982821e-01
   5.9969281e-01
   8.1401915e-01
   7.3258391e-01
   6.4909754e-01
   6.2945035e-01
   5.8902495e-01
   5.4525816e-01
   5.2268836e-01
   5.2662887e-01
   5.3660516e-01
   5.4921354e-01
   5.2494738e-01
   5.6128089e-01
   5.6688815e-01
   5.5896925e-01
   5.6489549e-01
   7.7738259e-01
   8.3005470e-01
   8.2731764e-01
   8.1189235e-01
   8.1501469e-01
   6.9701242e-01
   7.5827929e-01
   7.5510603e-01
   7.0673086e-01
   7.3090887e-01
   7.4796825e-01
   7.7610309e-01
   8.0029827e-01
   7.6015740e-01
   7.8182055e-01
   7.9387522e-01
   7.8910506e-01
   7.1932736e-01
   7.7855481e-01
   7.7122670e-01
   8.2839114e-01
   8.3758594e-01
   7.9012991e-01
   7.6939502e-01
   7.4969129e-01
   7.7743913e-01
   8.0432010e-01
   8.4911079e-01
   8.1379554e-01
   6.9544537e-01
   7.3775419e-01
   7.3759364e-01
   7.1697996e-01
   7.4211816e-01
   7.4611581e-01
   7.6005610e-01
   8.5095039e-01
   8.7268308e-01
   7.7195736e-01
   7.9565315e-01
   7.9567235e-01
   7.9987661e-01
   7.6081585e-01
   7.1771111e-01
   7.8252235e-01
   6.9453500e-01
   6.5288570e-01
   6.7420696e-01
   7.8534915e-01
   8.3481581e-01
   7.5816707e-01
   8.2476556e-01
   7.8150544e-01
   7.7167120e-01
   8.5636211e-01
   7.0706185e-01
   7.0905205e-01
   7.3544309e-01
   7.5088802e-01
   7.5732783e-01
   6.4674712e-01
   7.7394264e-01
   6.9207136e-01
   6.7736998e-01
   7.4270981e-01
   7.6738756e-01
   7.5565816e-01
   6.9974755e-01
   7.0608971e-01
   7.0920420e-01
   8.0506157e-01
   7.2395382e-01
   7.6650926e-01
   6.8307857e-01
   6.0858101e-01
   6.7222007e-01
   7.0415242e-01
   6.6781129e-01
   6.6810985e-01
   6.5585994e-01
   6.1965673e-01
   6.3501634e-01
   5.8918288e-01
   5.7097545e-01
   6.3801203e-01
   6.0479546e-01
   5.8103176e-01
   5.7202886e-01
   5.7503789e-01
   5.8401510e-01
   5.8354183e-01
   5.7505915e-01
   7.8779556e-01
   7.7386709e-01
   0.0000000e+00
   0.0000000e+00
   0.0000000e+00
   0.0000000e+00
   0.0000000e+00
   0.0000000e+00
   0.0000000e+00
   0.0000000e+00
   0.0000000e+00
   0.0000000e+00
   0.0000000e+00
   0.0000000e+00
   0.0000000e+00
   0.0000000e+00
   0.0000000e+00
   0.0000000e+00
   0.0000000e+00
   0.0000000e+00
   0.0000000e+00
   0.0000000e+00
   0.0000000e+00
   0.0000000e+00
   0.0000000e+00
   0.0000000e+00
   0.0000000e+00
   0.0000000e+00
   0.0000000e+00
   0.0000000e+00
   0.0000000e+00
   0.0000000e+00
   0.0000000e+00
   0.0000000e+00
   0.0000000e+00
   0.0000000e+00
   0.0000000e+00
   0.0000000e+00
   0.0000000e+00
   0.0000000e+00
   0.0000000e+00
   0.0000000e+00
   0.0000000e+00
   0.0000000e+00
   0.0000000e+00
   0.0000000e+00
   0.0000000e+00
   6.1182535e-01
   0.0000000e+00
   0.0000000e+00
   6.2635162e-01
   6.4782305e-01
   0.0000000e+00
   0.0000000e+00
   0.0000000e+00
   0.0000000e+00
   0.0000000e+00
   0.0000000e+00
   7.1126480e-01
   0.0000000e+00
   0.0000000e+00
   0.0000000e+00
   0.0000000e+00
   0.0000000e+00
   0.0000000e+00
   6.9314226e-01
   0.0000000e+00
   0.0000000e+00
   0.0000000e+00
   6.7886479e-01
   6.7716248e-01
   0.0000000e+00
   6.6916818e-01
   6.2663452e-01
   6.8134473e-01
   6.9699097e-01
   7.3457802e-01
   7.1484086e-01
   6.4642712e-01
   6.8720985e-01
   6.2522516e-01
   6.4277356e-01
   6.9584497e-01
   6.5006570e-01
   6.2081817e-01
   6.0923615e-01
   6.1812821e-01
   6.4018866e-01
   6.7462841e-01
   6.7108352e-01
   6.9285130e-01
   6.7267479e-01
   6.7715284e-01
   6.7621872e-01
   6.8485862e-01
   7.2822528e-01
   6.9820884e-01
   7.2901069e-01
   7.5806086e-01
   7.0354965e-01
   5.5907722e-01
   5.1734975e-01
   5.0839369e-01
   5.5022928e-01
   5.5151433e-01
   5.1351388e-01
   5.3380130e-01
   5.1398166e-01
   5.4154380e-01
   5.6114906e-01
   5.0487445e-01
   5.4214410e-01
   5.6042110e-01
   5.8243847e-01
   5.5607056e-01
   5.4407977e-01
   5.0900697e-01
   5.6037383e-01
   5.2561391e-01
   5.2566019e-01
   5.7250242e-01
   5.8125004e-01
   5.4336567e-01
   5.3759301e-01
   5.5202186e-01
   5.5601957e-01
   6.1163329e-01
   6.6329830e-01
   6.0341756e-01
   5.9945918e-01
   5.5262713e-01
   6.1181528e-01
   6.4485615e-01
   6.8041634e-01
   6.9389814e-01
   6.8077484e-01
   6.2349843e-01
   5.4448320e-01
   5.8781610e-01
   6.0853974e-01
   5.3692973e-01
   5.2851866e-01
   5.4196921e-01
   5.5855162e-01
   5.0707121e-01
   5.2245405e-01
   5.5656236e-01
   5.3295204e-01
   5.3988653e-01
   5.8916187e-01
   5.0477214e-01
   5.0961010e-01
   5.1776125e-01
   5.1179002e-01
   5.4342460e-01
   4.9862764e-01
   5.0298610e-01
   5.5097839e-01
   5.2345821e-01
   5.0770509e-01
   5.0027144e-01
   5.1041282e-01
   5.0510413e-01
   5.0401004e-01
   5.1177501e-01
   5.0781411e-01
   5.0512747e-01
   5.2834697e-01
   5.2628629e-01
   5.2079788e-01
   6.0282227e-01
   5.3133613e-01
   5.5560829e-01
   6.0332190e-01
   6.2153272e-01
   5.2583029e-01
   5.1931662e-01
   5.6119449e-01
   5.3775302e-01
   6.0109728e-01
   7.2122859e-01
   6.2495427e-01
   5.9409914e-01
   6.5802187e-01
   5.5026683e-01
   5.8572474e-01
   6.9642649e-01
   7.2127253e-01
   7.6539990e-01
   7.3551749e-01
   7.4912710e-01
   7.4020874e-01
   6.0590330e-01
   5.4333807e-01
   5.6972858e-01
   6.2795922e-01
   6.1151198e-01
   5.8275747e-01
   5.4808925e-01
   6.6054968e-01
   6.2342016e-01
   5.8809849e-01
   6.1475002e-01
   5.8731181e-01
   5.9805878e-01
   6.0660235e-01
   5.6995592e-01
   5.8477643e-01
   6.1970137e-01
   5.9877896e-01
   5.7946234e-01
   6.2552921e-01
   5.8616275e-01
   5.8169070e-01
   7.1385630e-01
   6.6988350e-01
   8.7362678e-01
   7.9468495e-01
   7.5610237e-01
   7.9738872e-01
   7.1949100e-01
   9.2059695e-01
   9.3819141e-01
   8.1235934e-01
   8.7140489e-01
   9.1661402e-01
   7.9925085e-01
   9.2435943e-01
   9.3509124e-01
   8.8435204e-01
   9.4330103e-01
   9.9171781e-01
   8.5306369e-01
   8.8046060e-01
   8.0816936e-01
   6.9858554e-01
   7.7965299e-01
   7.1958722e-01
   6.7366736e-01
   6.9816470e-01
   5.9704377e-01
   5.8428915e-01
   5.9258158e-01
   5.9594675e-01
   6.0278079e-01
   6.6562315e-01
   6.7410767e-01
   6.1691262e-01
   6.1524528e-01
   6.2639587e-01
   6.4979957e-01
   6.7617875e-01
   6.5210441e-01
   6.8584218e-01
   6.0876803e-01
   6.4987249e-01
   6.9881531e-01
   7.4105905e-01
   7.6334624e-01
   7.5333300e-01
   7.6826253e-01
   7.1561321e-01
   6.5139485e-01
   7.3795303e-01
   6.6405330e-01
   6.9733500e-01
   7.4345723e-01
   7.7135687e-01
   8.0508959e-01
   6.8684757e-01
   7.2929444e-01
   7.3752759e-01
   7.5111818e-01
   7.5279019e-01
   7.8545579e-01
   7.7484975e-01
   7.6459393e-01
   7.5802808e-01
   7.3748907e-01
   7.7913109e-01
   7.0908810e-01
   7.2569190e-01
   7.3195322e-01
   7.0210353e-01
   7.7527664e-01
   7.7437776e-01
   7.7814166e-01
   7.9962759e-01
   7.5843842e-01
   7.5207380e-01
   7.5861108e-01
   7.1839494e-01
   7.1587455e-01
   7.6354311e-01
   7.7733837e-01
   7.7760996e-01
   7.9422876e-01
   7.0530588e-01
   7.9729323e-01
   7.8137178e-01
   7.4045205e-01
   6.6335141e-01
   6.9664414e-01
   6.8268865e-01
   6.2020329e-01
   6.0826822e-01
   6.6343417e-01
   7.0412045e-01
   5.8591988e-01
   5.8319147e-01
   6.7811978e-01
   7.0269266e-01
   7.3821507e-01
   6.3516391e-01
   6.2281677e-01
   6.0364181e-01
   6.2284827e-01
   6.3665980e-01
   6.7510799e-01
   6.5129439e-01
   6.2775516e-01
   7.2544946e-01
   6.0931707e-01
   6.2946241e-01
   6.6714520e-01
   7.1074042e-01
   7.2300353e-01
   6.9934205e-01
   7.0525478e-01
   7.0934477e-01
   6.7217547e-01
   6.5606743e-01
   6.0909532e-01
   6.2667076e-01
   7.2836873e-01
   6.6760718e-01
   6.3876099e-01
   6.4150043e-01
   6.3207036e-01
   7.6637488e-01
   7.7125745e-01
   7.5338955e-01
   7.7053534e-01
   7.3498338e-01
   6.4329162e-01
   6.2405225e-01
   7.0012838e-01
   6.7668532e-01
   7.2159314e-01
   6.3247488e-01
   6.2651703e-01
   6.7588964e-01
   6.1774228e-01
   6.3116114e-01
   6.5496630e-01
   6.4574463e-01
   6.3902736e-01
   6.7135449e-01
   7.0485595e-01
   6.3827118e-01
   6.3538064e-01
   6.2922175e-01
   6.1749810e-01
   6.3959049e-01
   6.8520870e-01
   6.5377974e-01
   6.9361774e-01
   7.2183870e-01
   6.4634324e-01
   6.6322529e-01
   6.7094396e-01
   6.7377626e-01
   6.5988149e-01
   6.6630522e-01
   6.5160215e-01
   6.5993343e-01
   5.9253546e-01
   5.6386020e-01
   5.7618999e-01
   6.3294867e-01
   6.8432344e-01
   6.0442300e-01
   5.7368370e-01
   6.5601615e-01
   6.4288600e-01
   5.8586252e-01
   6.3457594e-01
   6.3714575e-01
   6.7719203e-01
   6.7496120e-01
   6.1514797e-01
   6.6234704e-01
   6.8305824e-01
   7.0925554e-01
   7.1177797e-01
   7.1028503e-01
   6.9872818e-01
   6.5772980e-01
   6.6436309e-01
   6.4414637e-01
   7.0489114e-01
   6.6675617e-01
   7.0136527e-01
   0.0000000e+00
   0.0000000e+00
   7.5640805e-01
   7.4241059e-01
   7.5967383e-01
   7.4656137e-01
   0.0000000e+00
   0.0000000e+00
   0.0000000e+00
   7.1256840e-01
   0.0000000e+00
   0.0000000e+00
   0.0000000e+00
   0.0000000e+00
   0.0000000e+00
   0.0000000e+00
   0.0000000e+00
   6.3860441e-01
   6.2868135e-01
   6.8384212e-01
   6.4284853e-01
   6.4732989e-01
   6.9333811e-01
   7.0560795e-01
   6.7073723e-01
   6.5485050e-01
   6.9681896e-01
   0.0000000e+00
   0.0000000e+00
   6.6993921e-01
   7.0858033e-01
   6.5510688e-01
   6.1951880e-01
   6.3373457e-01
   6.7889458e-01
   6.9275138e-01
   0.0000000e+00
   0.0000000e+00
   0.0000000e+00
   6.3736829e-01
   6.7083199e-01
   7.0085292e-01
   7.0404334e-01
   6.9725680e-01
   6.6556129e-01
   6.7206357e-01
   6.6772440e-01
   6.4701585e-01
   6.5836623e-01
   6.7459757e-01
   6.6711090e-01
   6.4128146e-01
   6.6400491e-01
   6.7333801e-01
   6.2886581e-01
   6.4982115e-01
   6.5970115e-01
